#1
double n1(2048,3)   # comment line
0	114	40
0.0025	121	40
0.005	126	43
0.0075	122	41
0.01	134	46
0.0125	139	46
0.015	137	49
0.0175	128	46
0.02	142	51
0.0225	138	51
0.025	129	50
0.0275	142	53
0.03	132	52
0.0325	141	54
0.035	140	56
0.0375	130	51
0.04	143	55
0.0425	139	55
0.045	132	53
0.0475	142	55
0.05	140	55
0.0525	142	55
0.055	134	53
0.0575	141	55
0.06	142	59
0.0625	141	55
0.065	142	56
0.0675	142	56
0.07	137	56
0.0725	141	55
0.075	142	57
0.0775	142	57
0.08	142	56
0.0825	143	56
0.085	144	63
0.0875	140	56
0.09	142	57
0.0925	143	56
0.095	144	58
0.0975	143	56
0.1	144	58
0.1025	145	57
0.105	146	60
0.1075	146	59
0.11	146	63
0.1125	144	57
0.115	147	60
0.1175	147	58
0.12	148	60
0.1225	149	59
0.125	141	59
0.1275	148	59
0.13	149	59
0.1325	151	60
0.135	152	61
0.1375	142	57
0.14	151	60
0.1425	153	61
0.145	154	62
0.1475	151	62
0.15	155	63
0.1525	157	63
0.155	145	61
0.1575	157	63
0.16	158	64
0.1625	151	61
0.165	159	64
0.1675	162	64
0.17	158	65
0.1725	164	66
0.175	166	66
0.1775	159	64
0.18	166	67
0.1825	170	68
0.185	173	72
0.1875	172	70
0.19	174	72
0.1925	174	71
0.195	170	70
0.1975	166	67
0.2	177	73
0.2025	175	72
0.205	172	71
0.2075	171	67
0.21	169	67
0.2125	172	69
0.215	177	74
0.2175	170	70
0.22	174	74
0.2225	169	73
0.225	164	72
0.2275	167	74
0.23	160	72
0.2325	168	77
0.235	159	74
0.2375	167	76
0.24	161	74
0.2425	167	76
0.245	172	79
0.2475	173	78
0.25	171	78
0.2525	174	78
0.255	171	77
0.2575	182	81
0.26	180	82
0.2625	180	82
0.265	183	84
0.2675	187	85
0.27	177	78
0.2725	181	79
0.275	180	81
0.2775	179	83
0.28	169	81
0.2825	167	81
0.285	167	84
0.2875	168	86
0.29	168	86
0.2925	166	84
0.295	179	91
0.2975	173	88
0.3	179	91
0.3025	178	89
0.305	185	94
0.3075	184	91
0.31	175	86
0.3125	170	87
0.315	168	90
0.3175	164	89
0.32	162	92
0.3225	169	95
0.325	167	93
0.3275	174	97
0.33	170	94
0.3325	173	95
0.335	175	95
0.3375	172	95
0.34	169	96
0.3425	163	95
0.345	158	100
0.3475	159	99
0.35	166	102
0.3525	167	101
0.355	171	104
0.3575	171	103
0.36	161	98
0.3625	156	99
0.365	152	98
0.3675	151	103
0.37	153	102
0.3725	159	105
0.375	159	106
0.3775	161	105
0.38	155	104
0.3825	147	103
0.385	147	110
0.3875	150	111
0.39	152	110
0.3925	154	112
0.395	156	111
0.3975	151	111
0.4	141	108
0.4025	142	116
0.405	146	116
0.4075	149	118
0.41	147	113
0.4125	147	117
0.415	139	117
0.4175	138	122
0.42	141	121
0.4225	146	125
0.425	145	122
0.4275	135	123
0.43	131	124
0.4325	134	127
0.435	141	131
0.4375	139	126
0.44	126	126
0.4425	124	130
0.445	132	134
0.4475	134	135
0.45	128	130
0.4525	119	130
0.455	117	133
0.4575	128	139
0.46	125	134
0.4625	114	136
0.465	113	139
0.4675	119	140
0.47	119	139
0.4725	108	141
0.475	105	143
0.4775	116	148
0.48	114	145
0.4825	102	145
0.485	101	149
0.4875	113	156
0.49	108	152
0.4925	97	149
0.495	101	156
0.4975	109	164
0.5	96	159
0.5025	91	160
0.505	98	162
0.5075	96	164
0.51	82	162
0.5125	89	161
0.515	85	162
0.5175	74	164
0.52	83	163
0.5225	80	168
0.525	66	164
0.5275	79	169
0.53	74	171
0.5325	61	168
0.535	73	175
0.5375	61	175
0.54	58	172
0.5425	70	179
0.545	59	179
0.5475	62	181
0.55	62	184
0.5525	50	188
0.555	57	187
0.5575	47	191
0.56	46	187
0.5625	52	190
0.565	38	196
0.5675	48	189
0.57	35	194
0.5725	38	193
0.575	29	199
0.5775	34	197
0.58	30	202
0.5825	21	202
0.585	29	199
0.5875	19	213
0.59	24	194
0.5925	14	212
0.595	22	197
0.5975	11	211
0.6	16	204
0.6025	5	214
0.605	16	206
0.6075	4	218
0.61	10	200
0.6125	-1	220
0.615	5	204
0.6175	-8	224
0.62	-6	211
0.6225	-13	221
0.625	-20	221
0.6275	-15	227
0.63	-37	227
0.6325	-25	227
0.635	-39	235
0.6375	-38	223
0.64	-45	233
0.6425	-54	227
0.645	-46	224
0.6475	-57	240
0.65	-63	226
0.6525	-54	231
0.655	-70	234
0.6575	-68	229
0.66	-74	242
0.6625	-86	241
0.665	-78	230
0.6675	-85	245
0.67	-97	237
0.6725	-88	229
0.675	-89	241
0.6775	-98	237
0.68	-105	229
0.6825	-98	235
0.685	-108	235
0.6875	-119	237
0.69	-117	232
0.6925	-112	241
0.695	-125	240
0.6975	-130	228
0.7	-126	222
0.7025	-124	233
0.705	-141	242
0.7075	-148	243
0.71	-149	226
0.7125	-148	234
0.715	-137	223
0.7175	-150	233
0.72	-158	229
0.7225	-154	214
0.725	-165	214
0.7275	-161	219
0.73	-151	204
0.7325	-154	213
0.735	-156	208
0.7375	-171	214
0.74	-171	207
0.7425	-190	217
0.745	-195	215
0.7475	-196	214
0.75	-190	208
0.7525	-187	207
0.755	-182	198
0.7575	-190	210
0.76	-190	204
0.7625	-184	198
0.765	-189	195
0.7675	-198	197
0.77	-202	188
0.7725	-199	183
0.775	-201	171
0.7775	-202	161
0.78	-212	158
0.7825	-211	157
0.785	-216	150
0.7875	-216	144
0.79	-216	138
0.7925	-222	149
0.795	-224	145
0.7975	-219	139
0.8	-211	128
0.8025	-211	123
0.805	-215	108
0.8075	-223	106
0.81	-224	101
0.8125	-215	103
0.815	-211	99
0.8175	-204	88
0.82	-216	76
0.8225	-217	72
0.825	-213	74
0.8275	-193	67
0.83	-198	51
0.8325	-199	48
0.835	-205	53
0.8375	-194	44
0.84	-206	31
0.8425	-207	29
0.845	-188	28
0.8475	-187	13
0.85	-191	9
0.8525	-176	13
0.855	-182	-1
0.8575	-191	5
0.86	-184	0
0.8625	-190	-15
0.865	-181	-10
0.8675	-161	-31
0.87	-166	-33
0.8725	-142	-41
0.875	-151	-55
0.8775	-130	-56
0.88	-141	-75
0.8825	-120	-74
0.885	-127	-92
0.8875	-105	-89
0.89	-114	-108
0.8925	-89	-105
0.895	-93	-115
0.8975	-76	-126
0.9	-82	-126
0.9025	-67	-145
0.905	-64	-136
0.9075	-58	-146
0.91	-40	-150
0.9125	-39	-143
0.915	-37	-161
0.9175	-12	-149
0.92	-19	-161
0.9225	-13	-177
0.925	-1	-175
0.9275	-3	-178
0.93	-4	-186
0.9325	16	-195
0.935	17	-176
0.9375	15	-177
0.94	18	-195
0.9425	43	-196
0.945	63	-203
0.9475	67	-196
0.95	72	-205
0.9525	79	-204
0.955	93	-216
0.9575	112	-214
0.96	124	-216
0.9625	132	-201
0.965	137	-197
0.9675	146	-195
0.97	145	-198
0.9725	147	-186
0.975	154	-192
0.9775	166	-193
0.98	165	-187
0.9825	172	-183
0.985	184	-191
0.9875	185	-181
0.99	188	-182
0.9925	198	-178
0.995	205	-173
0.9975	215	-168
1	212	-166
1.0025	222	-162
1.005	207	-146
1.0075	220	-140
1.01	214	-115
1.0125	233	-103
1.015	238	-103
1.0175	229	-93
1.02	207	-76
1.0225	214	-53
1.025	219	-54
1.0275	204	-44
1.03	198	-22
1.0325	214	-13
1.035	197	-13
1.0375	195	8
1.04	200	11
1.0425	186	9
1.045	180	33
1.0475	187	34
1.05	150	46
1.0525	161	73
1.055	137	79
1.0575	133	109
1.06	104	107
1.0625	107	141
1.065	71	134
1.0675	79	159
1.07	50	155
1.0725	47	159
1.075	32	188
1.0775	21	176
1.08	18	192
1.0825	4	189
1.085	5	184
1.0875	-17	222
1.09	-43	203
1.0925	-48	206
1.095	-65	229
1.0975	-90	224
1.1	-110	207
1.1025	-112	213
1.105	-120	215
1.1075	-145	228
1.11	-158	216
1.1125	-158	196
1.115	-170	191
1.1175	-166	189
1.12	-172	187
1.1225	-168	192
1.125	-177	185
1.1275	-187	177
1.13	-193	161
1.1325	-191	147
1.135	-207	138
1.1375	-205	124
1.14	-205	106
1.1425	-198	92
1.145	-191	72
1.1475	-186	52
1.15	-181	29
1.1525	-188	22
1.155	-188	10
1.1575	-183	11
1.16	-174	3
1.1625	-160	-11
1.165	-155	-40
1.1675	-149	-51
1.17	-138	-62
1.1725	-112	-82
1.175	-97	-116
1.1775	-84	-122
1.18	-70	-136
1.1825	-41	-149
1.185	-32	-149
1.1875	-13	-169
1.19	-16	-192
1.1925	8	-184
1.195	13	-195
1.1975	24	-193
1.2	52	-214
1.2025	58	-192
1.205	92	-223
1.2075	102	-208
1.21	131	-226
1.2125	149	-207
1.215	146	-211
1.2175	177	-208
1.22	177	-193
1.2225	178	-192
1.225	203	-195
1.2275	199	-174
1.23	200	-178
1.2325	228	-167
1.235	236	-138
1.2375	223	-111
1.24	225	-106
1.2425	227	-83
1.245	226	-65
1.2475	227	-43
1.25	220	-14
1.2525	211	9
1.255	208	19
1.2575	190	37
1.26	165	54
1.2625	158	84
1.265	128	109
1.2675	106	138
1.27	85	161
1.2725	71	179
1.275	49	186
1.2775	29	196
1.28	1	191
1.2825	-14	211
1.285	-40	224
1.2875	-49	230
1.29	-80	223
1.2925	-121	233
1.295	-145	237
1.2975	-149	236
1.3	-169	203
1.3025	-183	217
1.305	-182	209
1.3075	-204	191
1.31	-216	190
1.3125	-198	150
1.315	-223	146
1.3175	-214	119
1.32	-224	87
1.3225	-204	66
1.325	-208	49
1.3275	-181	15
1.33	-199	10
1.3325	-191	-14
1.335	-158	-20
1.3375	-157	-50
1.34	-124	-87
1.3425	-100	-100
1.345	-86	-141
1.3475	-47	-154
1.35	-24	-168
1.3525	-6	-169
1.355	0	-183
1.3575	15	-202
1.36	47	-210
1.3625	77	-210
1.365	102	-212
1.3675	127	-218
1.37	144	-210
1.3725	161	-199
1.375	176	-196
1.3775	202	-201
1.38	209	-194
1.3825	217	-169
1.385	213	-144
1.3875	236	-124
1.39	234	-92
1.3925	242	-64
1.395	223	-49
1.3975	204	-18
1.4	193	8
1.4025	194	37
1.405	174	49
1.4075	155	79
1.41	108	119
1.4125	92	161
1.415	55	160
1.4175	22	190
1.42	14	190
1.4225	-20	205
1.425	-38	222
1.4275	-82	211
1.43	-112	233
1.4325	-147	214
1.435	-152	214
1.4375	-171	196
1.44	-173	183
1.4425	-198	186
1.445	-207	150
1.4475	-195	136
1.45	-215	105
1.4525	-209	65
1.455	-182	38
1.4575	-160	22
1.46	-188	1
1.4625	-153	-23
1.465	-131	-54
1.4675	-111	-80
1.47	-81	-109
1.4725	-56	-128
1.475	-36	-151
1.4775	-12	-160
1.48	7	-188
1.4825	29	-179
1.485	56	-199
1.4875	87	-199
1.49	118	-208
1.4925	142	-193
1.495	156	-174
1.4975	177	-165
1.5	199	-163
1.5025	208	-141
1.505	207	-126
1.5075	215	-99
1.51	207	-61
1.5125	208	-20
1.515	199	-5
1.5175	174	17
1.52	154	55
1.5225	143	82
1.525	89	121
1.5275	69	168
1.53	24	165
1.5325	14	198
1.535	-30	192
1.5375	-44	204
1.54	-104	207
1.5425	-119	210
1.545	-159	206
1.5475	-163	178
1.55	-165	178
1.5525	-185	155
1.555	-195	122
1.5575	-182	100
1.56	-216	71
1.5625	-180	26
1.565	-168	-4
1.5675	-152	-12
1.57	-130	-35
1.5725	-117	-71
1.575	-88	-129
1.5775	-47	-151
1.58	-19	-169
1.5825	15	-187
1.585	42	-203
1.5875	72	-203
1.59	109	-215
1.5925	154	-213
1.595	173	-204
1.5975	191	-193
1.6	188	-181
1.6025	201	-156
1.605	210	-122
1.6075	218	-77
1.61	219	-41
1.6125	211	-18
1.615	185	10
1.6175	164	53
1.62	143	94
1.6225	105	135
1.625	47	167
1.6275	26	193
1.63	-16	195
1.6325	-43	220
1.635	-86	205
1.6375	-144	238
1.64	-164	202
1.6425	-171	204
1.645	-199	170
1.6475	-189	156
1.65	-214	110
1.6525	-199	69
1.655	-198	47
1.6575	-181	-2
1.66	-160	-28
1.6625	-127	-43
1.665	-109	-104
1.6675	-51	-142
1.67	-17	-158
1.6725	5	-169
1.675	30	-196
1.6775	58	-198
1.68	118	-224
1.6825	162	-203
1.685	183	-192
1.6875	205	-178
1.69	205	-156
1.6925	209	-122
1.695	213	-85
1.6975	202	-37
1.7	188	-3
1.7025	181	33
1.705	157	63
1.7075	123	112
1.71	75	156
1.7125	38	168
1.715	-14	191
1.7175	-44	209
1.72	-76	205
1.7225	-127	216
1.725	-161	186
1.7275	-170	184
1.73	-166	144
1.7325	-193	118
1.735	-202	92
1.7375	-174	41
1.74	-168	11
1.7425	-152	-12
1.745	-129	-55
1.7475	-82	-86
1.75	-51	-143
1.7525	-9	-141
1.755	10	-175
1.7575	55	-173
1.76	73	-189
1.7625	137	-186
1.765	145	-181
1.7675	173	-164
1.77	183	-144
1.7725	183	-120
1.775	211	-77
1.7775	183	-27
1.78	157	-3
1.7825	168	28
1.785	132	73
1.7875	78	126
1.79	34	149
1.7925	0	156
1.795	-28	183
1.7975	-61	183
1.8	-114	195
1.8025	-131	182
1.805	-145	166
1.8075	-167	151
1.81	-167	111
1.8125	-179	76
1.815	-162	36
1.8175	-143	-1
1.82	-132	-33
1.8225	-91	-79
1.825	-55	-132
1.8275	-15	-154
1.83	5	-174
1.8325	40	-180
1.835	71	-171
1.8375	132	-179
1.84	160	-170
1.8425	183	-170
1.845	195	-158
1.8475	193	-101
1.85	219	-61
1.8525	200	-26
1.855	167	11
1.8575	144	60
1.86	114	103
1.8625	51	147
1.865	15	178
1.8675	-18	190
1.87	-73	201
1.8725	-113	202
1.875	-157	193
1.8775	-158	165
1.88	-192	154
1.8825	-181	103
1.885	-201	68
1.8875	-161	17
1.89	-147	-7
1.8925	-125	-51
1.895	-76	-88
1.8975	-44	-144
1.9	2	-163
1.9025	28	-171
1.905	61	-191
1.9075	121	-176
1.91	144	-185
1.9125	182	-177
1.915	199	-144
1.9175	189	-104
1.92	209	-74
1.9225	195	-13
1.925	158	27
1.9275	140	51
1.93	101	101
1.9325	56	160
1.935	9	178
1.9375	-36	194
1.94	-85	188
1.9425	-133	182
1.945	-159	168
1.9475	-170	151
1.95	-165	110
1.9525	-170	74
1.955	-162	40
1.9575	-131	1
1.96	-120	-28
1.9625	-79	-65
1.965	-46	-120
1.9675	-3	-121
1.97	23	-156
1.9725	52	-145
1.975	94	-164
1.9775	130	-155
1.98	152	-148
1.9825	168	-119
1.985	164	-86
1.9875	178	-45
1.99	164	-4
1.9925	156	32
1.995	130	65
1.9975	92	124
2	42	146
2.0025	-6	163
2.005	-50	167
2.0075	-98	189
2.01	-143	187
2.0125	-135	162
2.015	-160	129
2.0175	-169	88
2.02	-178	53
2.0225	-141	22
2.025	-127	-13
2.0275	-94	-58
2.03	-71	-114
2.0325	-26	-135
2.035	18	-142
2.0375	57	-169
2.04	92	-183
2.0425	134	-190
2.045	151	-156
2.0475	190	-140
2.05	201	-124
2.0525	198	-75
2.055	174	-19
2.0575	167	29
2.06	142	47
2.0625	82	103
2.065	33	155
2.0675	6	177
2.07	-46	178
2.0725	-100	197
2.075	-132	191
2.0775	-153	155
2.08	-176	145
2.0825	-162	96
2.085	-181	47
2.0875	-151	25
2.09	-133	-27
2.0925	-109	-62
2.095	-69	-104
2.0975	-9	-138
2.1	10	-164
2.1025	46	-168
2.105	101	-173
2.1075	149	-182
2.11	151	-157
2.1125	187	-133
2.115	192	-115
2.1175	190	-66
2.12	177	-10
2.1225	164	20
2.125	117	51
2.1275	75	126
2.13	41	150
2.1325	-16	163
2.135	-46	184
2.1375	-88	176
2.14	-137	160
2.1425	-135	154
2.145	-160	124
2.1475	-170	88
2.15	-160	52
2.1525	-126	-3
2.155	-126	-26
2.1575	-84	-51
2.16	-42	-113
2.1625	-18	-133
2.165	15	-140
2.1675	61	-148
2.17	95	-163
2.1725	121	-160
2.175	134	-131
2.1775	173	-118
2.18	175	-97
2.1825	175	-56
2.185	148	-17
2.1875	134	34
2.19	115	63
2.1925	80	110
2.195	29	132
2.1975	-16	159
2.2	-53	173
2.2025	-83	175
2.205	-118	156
2.2075	-139	134
2.21	-162	121
2.2125	-157	90
2.215	-151	53
2.2175	-116	6
2.22	-118	-30
2.2225	-81	-55
2.225	-53	-99
2.2275	-19	-132
2.23	8	-147
2.2325	43	-170
2.235	79	-174
2.2375	123	-174
2.24	140	-162
2.2425	167	-148
2.245	178	-124
2.2475	187	-76
2.25	181	-36
2.2525	160	7
2.255	144	39
2.2575	106	95
2.26	55	146
2.2625	18	163
2.265	-32	183
2.2675	-71	180
2.27	-123	170
2.2725	-140	155
2.275	-150	137
2.2775	-159	126
2.28	-173	88
2.2825	-168	44
2.285	-150	-6
2.2875	-128	-24
2.29	-106	-58
2.2925	-63	-118
2.295	-11	-138
2.2975	10	-142
2.3	41	-172
2.3025	85	-157
2.305	123	-191
2.3075	163	-161
2.31	167	-165
2.3125	191	-118
2.315	179	-95
2.3175	190	-35
2.32	159	-12
2.3225	146	36
2.325	125	53
2.3275	77	111
2.33	37	152
2.3325	9	147
2.335	-40	173
2.3375	-68	179
2.34	-115	183
2.3425	-138	153
2.345	-156	147
2.3475	-159	129
2.35	-153	86
2.3525	-152	44
2.355	-136	2
2.3575	-135	-20
2.36	-113	-50
2.3625	-78	-87
2.365	-42	-123
2.3675	-12	-131
2.37	21	-155
2.3725	56	-155
2.375	87	-150
2.3775	119	-149
2.38	124	-139
2.3825	147	-145
2.385	174	-123
2.3875	164	-77
2.39	167	-64
2.3925	166	-12
2.395	138	17
2.3975	140	34
2.4	92	77
2.4025	71	109
2.405	28	138
2.4075	-1	148
2.41	-37	163
2.4125	-59	161
2.415	-117	170
2.4175	-119	171
2.42	-137	146
2.4225	-164	128
2.425	-156	105
2.4275	-147	78
2.43	-142	42
2.4325	-117	0
2.435	-122	-20
2.4375	-102	-40
2.44	-81	-74
2.4425	-41	-104
2.445	-12	-121
2.4475	15	-122
2.45	19	-139
2.4525	45	-148
2.455	81	-162
2.4575	120	-152
2.46	122	-150
2.4625	154	-151
2.465	148	-121
2.4675	158	-108
2.47	159	-74
2.4725	184	-63
2.475	149	-12
2.4775	165	14
2.48	141	18
2.4825	113	58
2.485	93	91
2.4875	70	128
2.49	30	123
2.4925	3	143
2.495	-21	147
2.4975	-49	154
2.5	-85	156
2.5025	-114	160
2.505	-128	148
2.5075	-127	143
2.51	-135	137
2.5125	-148	119
2.515	-153	82
2.5175	-151	70
2.52	-154	47
2.5225	-133	10
2.525	-142	6
2.5275	-119	-23
2.53	-115	-38
2.5325	-78	-56
2.535	-55	-99
2.5375	-41	-113
2.54	-19	-116
2.5425	-3	-127
2.545	16	-127
2.5475	40	-135
2.55	50	-137
2.5525	77	-153
2.555	98	-167
2.5575	123	-157
2.56	135	-145
2.5625	147	-136
2.565	141	-142
2.5675	163	-107
2.57	146	-100
2.5725	171	-73
2.575	155	-66
2.5775	145	-21
2.58	154	-20
2.5825	134	0
2.585	125	16
2.5875	118	40
2.59	109	58
2.5925	96	85
2.595	64	101
2.5975	43	118
2.6	19	120
2.6025	12	130
2.605	14	134
2.6075	-9	154
2.61	-38	139
2.6125	-42	161
2.615	-76	144
2.6175	-79	165
2.62	-99	146
2.6225	-102	138
2.625	-109	145
2.6275	-107	131
2.63	-109	112
2.6325	-123	111
2.635	-129	101
2.6375	-126	90
2.64	-131	87
2.6425	-143	81
2.645	-140	50
2.6475	-126	39
2.65	-132	36
2.6525	-121	16
2.655	-126	18
2.6575	-105	-1
2.66	-127	-7
2.6625	-105	1
2.665	-97	-10
2.6675	-84	-29
2.67	-74	-41
2.6725	-67	-52
2.675	-62	-55
2.6775	-48	-58
2.68	-57	-72
2.6825	-48	-89
2.685	-24	-84
2.6875	-24	-81
2.69	-9	-104
2.6925	-16	-94
2.695	-1	-101
2.6975	3	-105
2.7	-8	-112
2.7025	0	-104
2.705	1	-101
2.7075	5	-103
2.71	6	-111
2.7125	12	-113
2.715	27	-130
2.7175	38	-114
2.72	28	-118
2.7225	55	-133
2.725	47	-123
2.7275	66	-126
2.73	50	-133
2.7325	60	-118
2.735	79	-129
2.7375	84	-128
2.74	81	-130
2.7425	91	-133
2.745	91	-133
2.7475	89	-131
2.75	84	-143
2.7525	90	-134
2.755	85	-127
2.7575	81	-119
2.76	82	-121
2.7625	89	-117
2.765	84	-124
2.7675	96	-136
2.77	72	-115
2.7725	75	-114
2.775	61	-98
2.7775	50	-78
2.78	31	-56
2.7825	20	-30
2.785	1	-8
2.7875	-16	27
2.79	-56	71
2.7925	-92	130
2.795	-98	126
2.7975	-126	178
2.8	-116	162
2.8025	-93	144
2.805	-93	143
2.8075	-79	154
2.81	-89	150
2.8125	-77	146
2.815	-72	164
2.8175	-73	154
2.82	-66	162
2.8225	-49	153
2.825	-61	157
2.8275	-47	158
2.83	-46	165
2.8325	-28	166
2.835	-19	161
2.8375	-18	153
2.84	-17	142
2.8425	-8	142
2.845	8	150
2.8475	2	153
2.85	13	122
2.8525	15	139
2.855	36	139
2.8575	52	116
2.86	56	102
2.8625	71	91
2.865	85	81
2.8675	99	63
2.87	109	47
2.8725	130	42
2.875	140	40
2.8775	136	17
2.88	143	19
2.8825	153	1
2.885	146	-8
2.8875	169	-20
2.89	174	-50
2.8925	180	-72
2.895	176	-90
2.8975	188	-104
2.9	178	-111
2.9025	155	-120
2.905	166	-153
2.9075	159	-133
2.91	142	-159
2.9125	147	-158
2.915	133	-171
2.9175	106	-182
2.92	80	-181
2.9225	61	-173
2.925	35	-170
2.9275	21	-163
2.93	14	-155
2.9325	1	-127
2.935	-32	-132
2.9375	-36	-96
2.94	-82	-98
2.9425	-89	-54
2.945	-106	-46
2.9475	-136	-30
2.95	-144	-14
2.9525	-145	0
2.955	-165	26
2.9575	-156	53
2.96	-164	79
2.9625	-168	118
2.965	-177	127
2.9675	-142	152
2.97	-153	150
2.9725	-143	178
2.975	-111	178
2.9775	-85	177
2.98	-68	182
2.9825	-36	181
2.985	2	160
2.9875	33	152
2.99	55	145
2.9925	85	107
2.995	141	66
2.9975	155	40
3	167	15
3.0025	181	-29
3.005	179	-64
3.0075	175	-99
3.01	173	-135
3.0125	160	-150
3.015	153	-158
3.0175	134	-151
3.02	88	-165
3.0225	65	-175
3.025	25	-155
3.0275	7	-147
3.03	-38	-123
3.0325	-58	-86
3.035	-100	-63
3.0375	-130	-30
3.04	-142	-7
3.0425	-154	32
3.045	-162	61
3.0475	-164	117
3.05	-184	155
3.0525	-152	154
3.055	-130	178
3.0575	-112	178
3.06	-58	190
3.0625	-9	170
3.065	16	143
3.0675	47	123
3.07	94	88
3.0725	137	41
3.075	151	-3
3.0775	179	-40
3.08	187	-76
3.0825	179	-131
3.085	171	-152
3.0875	133	-165
3.09	107	-163
3.0925	63	-177
3.095	10	-156
3.0975	-24	-131
3.1	-70	-95
3.1025	-119	-45
3.105	-147	-19
3.1075	-150	22
3.11	-154	55
3.1125	-161	120
3.115	-168	148
3.1175	-123	155
3.12	-124	188
3.1225	-52	184
3.125	-20	170
3.1275	31	159
3.13	89	114
3.1325	161	50
3.135	184	-3
3.1375	200	-40
3.14	199	-101
3.1425	179	-143
3.145	156	-173
3.1475	130	-175
3.15	53	-206
3.1525	13	-151
3.155	-34	-137
3.1575	-99	-73
3.16	-138	-18
3.1625	-148	25
3.165	-161	56
3.1675	-170	119
3.17	-157	146
3.1725	-122	164
3.175	-83	180
3.1775	-18	200
3.18	23	173
3.1825	76	121
3.185	159	45
3.1875	174	3
3.19	194	-58
3.1925	189	-135
3.195	157	-150
3.1975	134	-153
3.2	78	-180
3.2025	27	-169
3.205	-23	-130
3.2075	-95	-88
3.21	-150	-24
3.2125	-168	39
3.215	-176	93
3.2175	-189	163
3.22	-149	163
3.2225	-101	190
3.225	-46	189
3.2275	30	159
3.23	60	111
3.2325	157	57
3.235	171	-15
3.2375	178	-63
3.24	196	-137
3.2425	162	-153
3.245	112	-167
3.2475	54	-188
3.25	-6	-137
3.2525	-60	-85
3.255	-136	-22
3.2575	-157	30
3.26	-172	66
3.2625	-172	141
3.265	-137	173
3.2675	-107	193
3.27	-39	192
3.2725	40	163
3.275	96	105
3.2775	184	30
3.28	179	-40
3.2825	197	-107
3.285	192	-164
3.2875	144	-176
3.29	57	-195
3.2925	-8	-162
3.295	-62	-112
3.2975	-152	-33
3.3	-178	22
3.3025	-184	80
3.305	-200	162
3.3075	-153	173
3.31	-101	183
3.3125	-15	193
3.315	48	154
3.3175	139	96
3.32	183	9
3.3225	198	-61
3.325	212	-144
3.3275	159	-172
3.33	103	-173
3.3325	29	-192
3.335	-34	-126
3.3375	-103	-76
3.34	-177	-1
3.3425	-158	59
3.345	-194	131
3.3475	-154	177
3.35	-103	183
3.3525	-36	189
3.355	25	152
3.3575	113	99
3.36	180	6
3.3625	184	-53
3.365	189	-145
3.3675	151	-167
3.37	91	-177
3.3725	23	-172
3.375	-37	-121
3.3775	-118	-54
3.38	-164	10
3.3825	-158	59
3.385	-191	154
3.3875	-152	183
3.39	-104	198
3.3925	-20	208
3.395	40	146
3.3975	145	79
3.4	183	-4
3.4025	188	-83
3.405	210	-178
3.4075	157	-169
3.41	70	-191
3.4125	-5	-167
3.415	-63	-114
3.4175	-155	-37
3.42	-170	34
3.4225	-197	115
3.425	-193	174
3.4275	-125	178
3.43	-53	205
3.4325	28	184
3.435	84	123
3.4375	183	33
3.44	196	-47
3.4425	222	-134
3.445	176	-176
3.4475	112	-191
3.45	40	-205
3.4525	-29	-132
3.455	-123	-72
3.4575	-179	-4
3.46	-170	61
3.4625	-192	164
3.465	-164	190
3.4675	-104	197
3.47	-24	192
3.4725	54	137
3.475	148	63
3.4775	197	0
3.48	190	-71
3.4825	200	-158
3.485	136	-171
3.4875	72	-199
3.49	-7	-172
3.4925	-54	-118
3.495	-147	-41
3.4975	-163	22
3.5	-181	87
3.5025	-193	170
3.505	-146	178
3.5075	-76	224
3.51	5	197
3.5125	85	141
3.515	190	39
3.5175	196	-29
3.52	203	-117
3.5225	205	-177
3.525	141	-175
3.5275	67	-215
3.53	-19	-169
3.5325	-87	-104
3.535	-170	-31
3.5375	-181	34
3.54	-201	121
3.5425	-204	191
3.545	-139	200
3.5475	-75	231
3.55	6	183
3.5525	83	148
3.555	177	58
3.5575	198	-24
3.56	228	-114
3.5625	230	-189
3.565	161	-188
3.5675	83	-212
3.57	-1	-185
3.5725	-57	-134
3.575	-157	-61
3.5775	-180	12
3.58	-201	77
3.5825	-207	177
3.585	-168	189
3.5875	-128	206
3.59	-33	229
3.5925	23	164
3.595	108	126
3.5975	181	32
3.6	201	-23
3.6025	205	-104
3.605	203	-186
3.6075	156	-169
3.61	86	-195
3.6125	13	-174
3.615	-43	-132
3.6175	-131	-69
3.62	-183	-3
3.6225	-182	56
3.625	-201	118
3.6275	-198	180
3.63	-149	202
3.6325	-104	216
3.635	-12	214
3.6375	35	165
3.64	125	105
3.6425	206	34
3.645	210	-21
3.6475	226	-104
3.65	218	-182
3.6525	172	-192
3.655	117	-210
3.6575	53	-209
3.66	-5	-170
3.6625	-77	-136
3.665	-167	-49
3.6675	-179	-3
3.67	-199	60
3.6725	-222	133
3.675	-210	180
3.6775	-161	198
3.68	-123	220
3.6825	-43	227
3.685	10	188
3.6875	62	163
3.69	158	94
3.6925	189	19
3.695	211	-24
3.6975	228	-110
3.7	230	-179
3.7025	191	-183
3.705	148	-201
3.7075	86	-215
3.71	24	-196
3.7125	-22	-156
3.715	-66	-122
3.7175	-133	-69
3.72	-182	-9
3.7225	-177	25
3.725	-196	84
3.7275	-201	151
3.73	-204	189
3.7325	-168	206
3.735	-139	227
3.7375	-78	221
3.74	-33	220
3.7425	34	191
3.745	56	156
3.7475	128	93
3.75	183	36
3.7525	204	5
3.755	216	-40
3.7575	220	-92
3.76	210	-155
3.7625	176	-174
3.765	168	-174
3.7675	128	-196
3.77	87	-205
3.7725	52	-186
3.775	8	-163
3.7775	-18	-142
3.78	-63	-124
3.7825	-125	-79
3.785	-148	-31
3.7875	-177	-5
3.79	-187	21
3.7925	-188	57
3.795	-193	96
3.7975	-196	139
3.8	-206	164
3.8025	-177	192
3.805	-163	194
3.8075	-142	219
3.81	-116	216
3.8125	-73	215
3.815	-40	207
3.8175	-4	202
3.82	29	188
3.8225	62	157
3.825	88	139
3.8275	132	91
3.83	167	50
3.8325	200	28
3.835	197	3
3.8375	204	-24
3.84	200	-45
3.8425	227	-83
3.845	212	-108
3.8475	220	-150
3.85	209	-168
3.8525	202	-182
3.855	187	-188
3.8575	178	-173
3.86	172	-200
3.8625	167	-200
3.865	129	-208
3.8675	106	-211
3.87	79	-206
3.8725	64	-191
3.875	55	-192
3.8775	32	-196
3.88	25	-188
3.8825	18	-165
3.885	11	-166
3.8875	5	-161
3.89	-9	-169
3.8925	-39	-145
3.895	-41	-146
3.8975	-57	-129
3.9	-82	-117
3.9025	-87	-99
3.905	-87	-91
3.9075	-90	-99
3.91	-116	-89
3.9125	-103	-86
3.915	-113	-73
3.9175	-114	-65
3.92	-122	-72
3.9225	-124	-70
3.925	-130	-64
3.9275	-123	-66
3.93	-129	-72
3.9325	-116	-60
3.935	-111	-56
3.9375	-73	-41
3.94	-44	-32
3.9425	-5	-13
3.945	18	3
3.9475	70	30
3.95	107	49
3.9525	163	85
3.955	174	101
3.9575	146	119
3.96	129	124
3.9625	114	141
3.965	107	144
3.9675	82	150
3.97	77	176
3.9725	54	176
3.975	37	182
3.9775	33	192
3.98	14	196
3.9825	3	206
3.985	-8	222
3.9875	-19	220
3.99	-54	240
3.9925	-79	232
3.995	-114	240
3.9975	-133	234
4	-162	247
4.0025	-158	229
4.005	-188	229
4.0075	-191	203
4.01	-201	205
4.0125	-210	187
4.015	-222	162
4.0175	-236	152
4.02	-219	113
4.0225	-227	85
4.025	-213	38
4.0275	-203	15
4.03	-200	-9
4.0325	-179	-18
4.035	-144	-65
4.0375	-121	-91
4.04	-85	-148
4.0425	-39	-174
4.045	-17	-188
4.0475	13	-198
4.05	52	-205
4.0525	77	-216
4.055	144	-228
4.0575	183	-214
4.06	206	-209
4.0625	234	-194
4.065	227	-174
4.0675	229	-113
4.07	234	-78
4.0725	231	-30
4.075	220	19
4.0775	192	52
4.08	119	107
4.0825	66	187
4.085	14	193
4.0875	-17	219
4.09	-75	241
4.0925	-139	239
4.095	-191	221
4.0975	-209	203
4.1	-216	154
4.1025	-223	111
4.105	-235	49
4.1075	-198	-2
4.11	-167	-48
4.1125	-94	-126
4.115	-40	-192
4.1175	30	-204
4.12	56	-213
4.1225	138	-245
4.125	194	-232
4.1275	222	-192
4.13	253	-154
4.1325	267	-86
4.135	235	-3
4.1375	191	46
4.14	128	129
4.1425	42	206
4.145	-25	236
4.1475	-89	259
4.15	-196	246
4.1525	-206	217
4.155	-235	171
4.1575	-241	82
4.16	-213	10
4.1625	-161	-49
4.165	-79	-161
4.1675	-11	-207
4.17	60	-231
4.1725	148	-235
4.175	205	-225
4.1775	227	-183
4.18	243	-106
4.1825	234	-6
4.185	185	51
4.1875	93	159
4.19	14	219
4.1925	-59	238
4.195	-185	254
4.1975	-217	212
4.2	-216	140
4.2025	-219	38
4.205	-173	-23
4.2075	-93	-119
4.21	-19	-190
4.2125	47	-198
4.215	158	-230
4.2175	219	-201
4.22	219	-140
4.2225	230	-41
4.225	167	41
4.2275	111	138
4.23	1	213
4.2325	-61	202
4.235	-174	233
4.2375	-191	179
4.24	-212	94
4.2425	-192	2
4.245	-124	-82
4.2475	-28	-188
4.25	52	-194
4.2525	144	-221
4.255	227	-197
4.2575	218	-111
4.26	226	-24
4.2625	161	56
4.265	63	186
4.2675	-34	217
4.27	-158	246
4.2725	-207	213
4.275	-223	106
4.2775	-208	19
4.28	-145	-78
4.2825	-18	-191
4.285	56	-206
4.2875	166	-222
4.29	218	-198
4.2925	230	-99
4.295	207	4
4.2975	119	110
4.3	4	225
4.3025	-69	221
4.305	-201	215
4.3075	-194	156
4.31	-215	29
4.3125	-142	-35
4.315	-50	-143
4.3175	41	-198
4.32	145	-197
4.3225	203	-173
4.325	207	-96
4.3275	203	6
4.33	112	90
4.3325	13	192
4.335	-75	189
4.3375	-174	191
4.34	-194	112
4.3425	-194	11
4.345	-129	-57
4.3475	-9	-165
4.35	63	-198
4.3525	168	-206
4.355	210	-154
4.3575	227	-39
4.36	180	39
4.3625	59	175
4.365	-26	220
4.3675	-156	224
4.37	-198	172
4.3725	-204	73
4.375	-162	-28
4.3775	-61	-119
4.38	20	-208
4.3825	128	-189
4.385	203	-195
4.3875	213	-93
4.39	188	13
4.3925	112	96
4.395	-5	210
4.3975	-91	181
4.4	-185	199
4.4025	-182	107
4.405	-184	-3
4.4075	-83	-75
4.41	-8	-167
4.4125	68	-176
4.415	184	-177
4.4175	183	-116
4.42	197	-19
4.4225	131	67
4.425	37	161
4.4275	-55	193
4.43	-152	182
4.4325	-168	134
4.435	-178	25
4.4375	-117	-32
4.44	-37	-150
4.4425	48	-164
4.445	147	-187
4.4475	186	-150
4.45	205	-54
4.4525	182	25
4.455	70	121
4.4575	-19	209
4.46	-109	199
4.4625	-173	172
4.465	-177	72
4.4675	-171	-10
4.47	-89	-78
4.4725	1	-168
4.475	67	-165
4.4775	169	-185
4.48	173	-121
4.4825	197	-24
4.485	148	57
4.4875	41	150
4.49	-31	180
4.4925	-128	194
4.495	-181	145
4.4975	-157	66
4.5	-149	-22
4.5025	-57	-79
4.505	16	-162
4.5075	65	-149
4.51	145	-154
4.5125	157	-96
4.515	163	-18
4.5175	130	47
4.52	47	123
4.5225	-18	166
4.525	-93	165
4.5275	-160	160
4.53	-161	73
4.5325	-140	15
4.535	-97	-55
4.5375	-16	-126
4.54	45	-159
4.5425	119	-167
4.545	171	-153
4.5475	168	-84
4.55	182	-14
4.5525	125	61
4.555	36	151
4.5575	-24	167
4.56	-107	181
4.5625	-163	151
4.565	-161	96
4.5675	-149	26
4.57	-106	-45
4.5725	-36	-130
4.575	33	-173
4.5775	94	-164
4.58	158	-178
4.5825	179	-129
4.585	177	-53
4.5875	179	17
4.59	100	62
4.5925	30	151
4.595	-35	170
4.5975	-112	177
4.6	-165	158
4.6025	-142	100
4.605	-176	49
4.6075	-121	-22
4.61	-84	-65
4.6125	-12	-122
4.615	43	-133
4.6175	98	-146
4.62	137	-146
4.6225	153	-122
4.625	173	-57
4.6275	165	-11
4.63	115	49
4.6325	61	120
4.635	5	165
4.6375	-45	168
4.64	-117	167
4.6425	-134	135
4.645	-137	110
4.6475	-142	47
4.65	-130	-1
4.6525	-101	-26
4.655	-59	-87
4.6575	-14	-128
4.66	44	-143
4.6625	75	-155
4.665	124	-137
4.6675	158	-122
4.67	166	-98
4.6725	176	-41
4.675	143	3
4.6775	132	33
4.68	79	95
4.6825	44	140
4.685	-5	145
4.6875	-43	156
4.69	-95	164
4.6925	-129	158
4.695	-147	114
4.6975	-151	99
4.7	-147	56
4.7025	-120	15
4.705	-114	-15
4.7075	-89	-50
4.71	-39	-110
4.7125	-16	-116
4.715	22	-129
4.7175	54	-126
4.72	77	-141
4.7225	113	-154
4.725	140	-125
4.7275	146	-126
4.73	142	-92
4.7325	151	-60
4.735	142	-37
4.7375	139	1
4.74	117	29
4.7425	111	54
4.745	82	79
4.7475	54	110
4.75	22	128
4.7525	-10	147
4.755	-29	138
4.7575	-64	151
4.76	-102	166
4.7625	-108	149
4.765	-121	137
4.7675	-112	116
4.77	-129	107
4.7725	-122	94
4.775	-123	68
4.7775	-120	58
4.78	-124	32
4.7825	-102	1
4.785	-111	-2
4.7875	-99	0
4.79	-97	-14
4.7925	-76	-35
4.795	-53	-56
4.7975	-51	-64
4.8	-45	-70
4.8025	-12	-70
4.805	-18	-81
4.8075	-11	-99
4.81	7	-88
4.8125	11	-107
4.815	3	-109
4.8175	15	-112
4.82	27	-106
4.8225	28	-106
4.825	42	-104
4.8275	50	-119
4.83	53	-122
4.8325	61	-108
4.835	56	-104
4.8375	75	-124
4.84	50	-105
4.8425	58	-103
4.845	58	-101
4.8475	81	-110
4.85	62	-109
4.8525	75	-112
4.855	67	-97
4.8575	61	-89
4.86	28	-44
4.8625	8	-6
4.865	-18	35
4.8675	-86	124
4.87	-87	130
4.8725	-92	152
4.875	-102	171
4.8775	-72	152
4.88	-69	153
4.8825	-73	160
4.885	-59	141
4.8875	-40	155
4.89	-35	148
4.8925	-31	147
4.895	-25	156
4.8975	-12	139
4.9	6	142
4.9025	0	149
4.905	18	151
4.9075	39	126
4.91	54	120
4.9125	76	106
4.915	82	95
4.9175	117	63
4.92	120	44
4.9225	131	34
4.925	140	11
4.9275	156	-4
4.93	172	-19
4.9325	178	-56
4.935	166	-84
4.9375	165	-105
4.94	164	-129
4.9425	174	-137
4.945	148	-156
4.9475	139	-149
4.95	124	-159
4.9525	97	-164
4.955	53	-169
4.9575	31	-180
4.96	-2	-142
4.9625	-12	-128
4.965	-44	-111
4.9675	-81	-71
4.97	-134	-35
4.9725	-150	-20
4.975	-163	22
4.9775	-156	56
4.98	-163	87
4.9825	-171	134
4.985	-166	152
4.9875	-137	156
4.99	-136	184
4.9925	-87	197
4.995	-38	200
4.9975	2	181
5	28	149
5.0025	87	111
5.005	136	69
5.0075	184	30
5.01	194	-19
5.0125	198	-71
5.015	186	-139
5.0175	183	-159
5.02	139	-178
5.0225	97	-181
5.025	38	-174
5.0275	-9	-153
5.03	-42	-127
5.0325	-96	-61
5.035	-149	-24
5.0375	-163	33
5.04	-169	79
5.0425	-172	143
5.045	-153	173
5.0475	-135	186
5.05	-81	184
5.0525	-15	194
5.055	44	142
5.0575	99	94
5.06	159	30
5.0625	184	-22
5.065	192	-75
5.0675	181	-153
5.07	141	-149
5.0725	106	-174
5.075	40	-185
5.0775	-10	-133
5.08	-78	-97
5.0825	-146	-14
5.085	-160	29
5.0875	-162	90
5.09	-181	151
5.0925	-140	176
5.095	-83	208
5.0975	-5	196
5.1	52	147
5.1025	132	78
5.105	179	-7
5.1075	194	-57
5.11	212	-168
5.1125	153	-180
5.115	84	-192
5.1175	10	-180
