#1
double n1(150,2)   # comment line
0.000000 3.946300
0.006711 3.880600
0.013423 3.794300
0.020134 3.711800
0.026846 3.632800
0.033557 3.557100
0.040268 3.484500
0.046980 3.414800
0.053691 3.347800
0.060403 3.283400
0.067114 3.221500
0.073826 3.161800
0.080537 3.104300
0.087248 3.048800
0.093960 2.995300
0.100671 3.071300
0.107383 3.020000
0.114094 2.952800
0.120805 2.888600
0.127517 2.827000
0.134228 2.768100
0.140940 2.711500
0.147651 2.657200
0.154362 2.605000
0.161074 2.554900
0.167785 2.506600
0.174497 2.460100
0.181208 2.415400
0.187919 2.372200
0.194631 2.330500
0.201342 2.194800
0.208054 2.158100
0.214765 2.110100
0.221477 2.064100
0.228188 2.020100
0.234899 1.977900
0.241611 1.937500
0.248322 1.898700
0.255034 1.861400
0.261745 1.825500
0.268456 1.791000
0.275168 1.757800
0.281879 1.725800
0.288591 1.694900
0.295302 1.665100
0.302013 1.317300
0.308725 1.295300
0.315436 1.266400
0.322148 1.238800
0.328859 1.212400
0.335570 1.187100
0.342282 1.162800
0.348993 1.139500
0.355705 1.117100
0.362416 1.095500
0.369128 1.074800
0.375839 1.054900
0.382550 1.035700
0.389262 1.017100
0.395973 0.999200
0.402685 0.439200
0.409396 0.431800
0.416107 0.422200
0.422819 0.413000
0.429530 0.404200
0.436242 0.395700
0.442953 0.387600
0.449664 0.379900
0.456376 0.372400
0.463087 0.365200
0.469799 0.358300
0.476510 0.351700
0.483221 0.345200
0.489933 0.339100
0.496644 0.333100
0.503356 -0.439200
0.510067 -0.431800
0.516779 -0.422200
0.523490 -0.413000
0.530201 -0.404200
0.536913 -0.395700
0.543624 -0.387600
0.550336 -0.379900
0.557047 -0.372400
0.563758 -0.365200
0.570470 -0.358300
0.577181 -0.351700
0.583893 -0.345300
0.590604 -0.339100
0.597315 -0.333100
0.604027 -1.317300
0.610738 -1.295300
0.617450 -1.266400
0.624161 -1.238800
0.630872 -1.212400
0.637584 -1.187100
0.644295 -1.162800
0.651007 -1.139500
0.657718 -1.117100
0.664430 -1.095500
0.671141 -1.074800
0.677852 -1.054900
0.684564 -1.035700
0.691275 -1.017100
0.697987 -0.999200
0.704698 -2.194800
0.711409 -2.158100
0.718121 -2.110100
0.724832 -2.064100
0.731544 -2.020100
0.738255 -1.977900
0.744966 -1.937500
0.751678 -1.898700
0.758389 -1.861400
0.765101 -1.825500
0.771812 -1.791000
0.778523 -1.757800
0.785235 -1.725800
0.791946 -1.694900
0.798658 -1.665100
0.805369 -3.071300
0.812081 -3.020000
0.818792 -2.952800
0.825503 -2.888600
0.832215 -2.827000
0.838926 -2.768100
0.845638 -2.711500
0.852349 -2.657200
0.859060 -2.605000
0.865772 -2.554900
0.872483 -2.506600
0.879195 -2.460200
0.885906 -2.415400
0.892617 -2.372200
0.899329 -2.330500
0.906040 -3.946300
0.912752 -3.880500
0.919463 -3.794300
0.926174 -3.711800
0.932886 -3.632800
0.939597 -3.557100
0.946309 -3.484500
0.953020 -3.414800
0.959732 -3.347800
0.966443 -3.283400
0.973154 -3.221500
0.979866 -3.161800
0.986577 -3.104300
0.993289 -3.048800
1.000000 -2.995300
