#1
double n1(4096,2)   # comment lin
0	0
0.0025	0
0.005	0
0.0075	0
0.01	0
0.0125	0
0.015	0
0.0175	0
0.02	0
0.0225	0
0.025	0
0.0275	0
0.03	0
0.0325	0
0.035	0
0.0375	0
0.04	0
0.0425	0
0.045	0
0.0475	0
0.05	0
0.0525	0
0.055	0
0.0575	0
0.06	0
0.0625	0
0.065	0
0.0675	0
0.07	0
0.0725	0
0.075	0
0.0775	0
0.08	0
0.0825	0
0.085	0
0.0875	0
0.09	0
0.0925	0
0.095	0
0.0975	0
0.1	0
0.1025	0
0.105	0
0.1075	0
0.11	0
0.1125	0
0.115	0
0.1175	0
0.12	0
0.1225	0
0.125	0
0.1275	0
0.13	0
0.1325	0
0.135	0
0.1375	0
0.14	0
0.1425	0
0.145	0
0.1475	0
0.15	0
0.1525	0
0.155	0
0.1575	0
0.16	0
0.1625	0
0.165	0
0.1675	0
0.17	0
0.1725	0
0.175	0
0.1775	0
0.18	0
0.1825	0
0.185	0
0.1875	0
0.19	0
0.1925	0
0.195	0
0.1975	0
0.2	0
0.2025	0
0.205	0
0.2075	0
0.21	0
0.2125	0
0.215	0
0.2175	0
0.22	0
0.2225	0
0.225	0
0.2275	0
0.23	0
0.2325	0
0.235	0
0.2375	0
0.24	0
0.2425	0
0.245	0
0.2475	0
0.25	0
0.2525	0
0.255	0
0.2575	0
0.26	0
0.2625	0
0.265	0
0.2675	0
0.27	0
0.2725	0
0.275	0
0.2775	0
0.28	0
0.2825	0
0.285	0
0.2875	0
0.29	0
0.2925	0
0.295	0
0.2975	0
0.3	0
0.3025	0
0.305	0
0.3075	0
0.31	0
0.3125	0
0.315	1
0.3175	1
0.32	1
0.3225	1
0.325	1
0.3275	1
0.33	1
0.3325	1
0.335	1
0.3375	1
0.34	1
0.3425	1
0.345	1
0.3475	1
0.35	1
0.3525	1
0.355	1
0.3575	1
0.36	1
0.3625	1
0.365	1
0.3675	1
0.37	1
0.3725	1
0.375	1
0.3775	1
0.38	1
0.3825	1
0.385	1
0.3875	1
0.39	1
0.3925	1
0.395	1
0.3975	1
0.4	2
0.4025	2
0.405	2
0.4075	2
0.41	2
0.4125	2
0.415	2
0.4175	2
0.42	2
0.4225	2
0.425	2
0.4275	2
0.43	2
0.4325	2
0.435	2
0.4375	2
0.44	2
0.4425	2
0.445	2
0.4475	2
0.45	2
0.4525	2
0.455	2
0.4575	3
0.46	3
0.4625	3
0.465	3
0.4675	3
0.47	3
0.4725	3
0.475	3
0.4775	3
0.48	3
0.4825	3
0.485	3
0.4875	3
0.49	3
0.4925	3
0.495	3
0.4975	3
0.5	3
0.5025	4
0.505	4
0.5075	4
0.51	4
0.5125	4
0.515	4
0.5175	4
0.52	4
0.5225	4
0.525	4
0.5275	4
0.53	4
0.5325	4
0.535	4
0.5375	4
0.54	4
0.5425	4
0.545	5
0.5475	5
0.55	5
0.5525	5
0.555	5
0.5575	5
0.56	5
0.5625	5
0.565	5
0.5675	5
0.57	5
0.5725	5
0.575	5
0.5775	6
0.58	6
0.5825	6
0.585	6
0.5875	6
0.59	6
0.5925	6
0.595	6
0.5975	6
0.6	6
0.6025	6
0.605	6
0.6075	6
0.61	6
0.6125	7
0.615	7
0.6175	7
0.62	7
0.6225	7
0.625	7
0.6275	7
0.63	7
0.6325	7
0.635	7
0.6375	7
0.64	8
0.6425	8
0.645	8
0.6475	8
0.65	8
0.6525	8
0.655	8
0.6575	8
0.66	8
0.6625	8
0.665	9
0.6675	9
0.67	9
0.6725	9
0.675	9
0.6775	9
0.68	9
0.6825	9
0.685	9
0.6875	9
0.69	10
0.6925	10
0.695	10
0.6975	10
0.7	10
0.7025	10
0.705	10
0.7075	10
0.71	10
0.7125	11
0.715	11
0.7175	11
0.72	11
0.7225	11
0.725	11
0.7275	11
0.73	11
0.7325	12
0.735	12
0.7375	12
0.74	12
0.7425	12
0.745	12
0.7475	12
0.75	12
0.7525	12
0.755	13
0.7575	13
0.76	13
0.7625	13
0.765	13
0.7675	13
0.77	13
0.7725	13
0.775	14
0.7775	14
0.78	14
0.7825	14
0.785	14
0.7875	14
0.79	14
0.7925	15
0.795	15
0.7975	15
0.8	15
0.8025	15
0.805	15
0.8075	15
0.81	16
0.8125	16
0.815	16
0.8175	16
0.82	16
0.8225	16
0.825	17
0.8275	17
0.83	17
0.8325	17
0.835	17
0.8375	17
0.84	17
0.8425	18
0.845	18
0.8475	18
0.85	18
0.8525	18
0.855	18
0.8575	19
0.86	19
0.8625	19
0.865	19
0.8675	19
0.87	19
0.8725	19
0.875	20
0.8775	20
0.88	20
0.8825	20
0.885	20
0.8875	21
0.89	21
0.8925	21
0.895	21
0.8975	21
0.9	21
0.9025	22
0.905	22
0.9075	22
0.91	22
0.9125	22
0.915	23
0.9175	23
0.92	23
0.9225	23
0.925	23
0.9275	23
0.93	24
0.9325	24
0.935	24
0.9375	24
0.94	24
0.9425	24
0.945	25
0.9475	25
0.95	25
0.9525	25
0.955	25
0.9575	26
0.96	26
0.9625	26
0.965	26
0.9675	27
0.97	27
0.9725	27
0.975	27
0.9775	27
0.98	28
0.9825	28
0.985	28
0.9875	28
0.99	28
0.9925	28
0.995	29
0.9975	29
1	29
1.0025	29
1.005	30
1.0075	30
1.01	30
1.0125	30
1.015	30
1.0175	31
1.02	31
1.0225	31
1.025	31
1.0275	32
1.03	32
1.0325	32
1.035	32
1.0375	33
1.04	33
1.0425	33
1.045	33
1.0475	33
1.05	34
1.0525	34
1.055	34
1.0575	34
1.06	34
1.0625	35
1.065	35
1.0675	35
1.07	36
1.0725	36
1.075	36
1.0775	36
1.08	37
1.0825	37
1.085	37
1.0875	37
1.09	37
1.0925	38
1.095	38
1.0975	38
1.1	38
1.1025	39
1.105	39
1.1075	39
1.11	39
1.1125	40
1.115	40
1.1175	40
1.12	41
1.1225	41
1.125	41
1.1275	41
1.13	41
1.1325	42
1.135	42
1.1375	42
1.14	42
1.1425	43
1.145	43
1.1475	43
1.15	44
1.1525	44
1.155	44
1.1575	44
1.16	45
1.1625	45
1.165	45
1.1675	45
1.17	46
1.1725	46
1.175	46
1.1775	47
1.18	47
1.1825	47
1.185	47
1.1875	48
1.19	48
1.1925	48
1.195	48
1.1975	49
1.2	49
1.2025	49
1.205	50
1.2075	50
1.21	50
1.2125	50
1.215	51
1.2175	51
1.22	51
1.2225	52
1.225	52
1.2275	52
1.23	52
1.2325	53
1.235	53
1.2375	53
1.24	54
1.2425	54
1.245	54
1.2475	55
1.25	55
1.2525	55
1.255	55
1.2575	56
1.26	56
1.2625	56
1.265	57
1.2675	57
1.27	57
1.2725	58
1.275	58
1.2775	58
1.28	59
1.2825	59
1.285	59
1.2875	60
1.29	60
1.2925	60
1.295	60
1.2975	61
1.3	61
1.3025	62
1.305	62
1.3075	62
1.31	62
1.3125	63
1.315	63
1.3175	63
1.32	64
1.3225	64
1.325	64
1.3275	65
1.33	65
1.3325	65
1.335	66
1.3375	66
1.34	66
1.3425	66
1.345	67
1.3475	67
1.35	68
1.3525	68
1.355	68
1.3575	69
1.36	69
1.3625	69
1.365	69
1.3675	70
1.37	70
1.3725	70
1.375	71
1.3775	71
1.38	71
1.3825	72
1.385	72
1.3875	72
1.39	73
1.3925	73
1.395	73
1.3975	74
1.4	74
1.4025	75
1.405	75
1.4075	75
1.41	75
1.4125	76
1.415	76
1.4175	77
1.42	77
1.4225	77
1.425	78
1.4275	78
1.43	78
1.4325	79
1.435	79
1.4375	80
1.44	80
1.4425	80
1.445	81
1.4475	81
1.45	81
1.4525	82
1.455	82
1.4575	82
1.46	83
1.4625	83
1.465	83
1.4675	84
1.47	84
1.4725	84
1.475	85
1.4775	85
1.48	85
1.4825	86
1.485	86
1.4875	86
1.49	87
1.4925	87
1.495	88
1.4975	88
1.5	88
1.5025	89
1.505	89
1.5075	89
1.51	90
1.5125	90
1.515	90
1.5175	91
1.52	91
1.5225	91
1.525	92
1.5275	92
1.53	93
1.5325	93
1.535	93
1.5375	94
1.54	94
1.5425	94
1.545	95
1.5475	95
1.55	96
1.5525	96
1.555	96
1.5575	97
1.56	97
1.5625	97
1.565	98
1.5675	98
1.57	98
1.5725	99
1.575	99
1.5775	99
1.58	100
1.5825	100
1.585	100
1.5875	101
1.59	101
1.5925	101
1.595	102
1.5975	102
1.6	102
1.6025	103
1.605	103
1.6075	103
1.61	104
1.6125	104
1.615	105
1.6175	105
1.62	105
1.6225	106
1.625	106
1.6275	106
1.63	107
1.6325	107
1.635	108
1.6375	108
1.64	108
1.6425	109
1.645	109
1.6475	109
1.65	110
1.6525	110
1.655	111
1.6575	111
1.66	111
1.6625	112
1.665	112
1.6675	112
1.67	113
1.6725	113
1.675	113
1.6775	114
1.68	114
1.6825	114
1.685	115
1.6875	115
1.69	115
1.6925	116
1.695	116
1.6975	116
1.7	117
1.7025	117
1.705	117
1.7075	118
1.71	118
1.7125	118
1.715	119
1.7175	119
1.72	119
1.7225	120
1.725	120
1.7275	121
1.73	121
1.7325	121
1.735	122
1.7375	122
1.74	122
1.7425	123
1.745	123
1.7475	123
1.75	124
1.7525	124
1.755	124
1.7575	125
1.76	125
1.7625	125
1.765	125
1.7675	126
1.77	126
1.7725	126
1.775	127
1.7775	127
1.78	127
1.7825	128
1.785	128
1.7875	128
1.79	129
1.7925	129
1.795	129
1.7975	130
1.8	130
1.8025	130
1.805	131
1.8075	131
1.81	131
1.8125	132
1.815	132
1.8175	132
1.82	132
1.8225	133
1.825	133
1.8275	133
1.83	134
1.8325	134
1.835	134
1.8375	134
1.84	135
1.8425	135
1.845	135
1.8475	135
1.85	136
1.8525	136
1.855	136
1.8575	136
1.86	137
1.8625	137
1.865	137
1.8675	138
1.87	138
1.8725	138
1.875	139
1.8775	139
1.88	139
1.8825	139
1.885	140
1.8875	140
1.89	140
1.8925	141
1.895	141
1.8975	141
1.9	141
1.9025	141
1.905	142
1.9075	142
1.91	142
1.9125	142
1.915	143
1.9175	143
1.92	143
1.9225	143
1.925	143
1.9275	144
1.93	144
1.9325	144
1.935	144
1.9375	145
1.94	145
1.9425	145
1.945	145
1.9475	146
1.95	146
1.9525	146
1.955	146
1.9575	147
1.96	147
1.9625	147
1.965	147
1.9675	147
1.97	148
1.9725	148
1.975	148
1.9775	148
1.98	148
1.9825	148
1.985	149
1.9875	149
1.99	149
1.9925	149
1.995	149
1.9975	149
2	149
2.0025	150
2.005	150
2.0075	150
2.01	150
2.0125	151
2.015	151
2.0175	151
2.02	151
2.0225	151
2.025	151
2.0275	151
2.03	152
2.0325	152
2.035	152
2.0375	152
2.04	152
2.0425	152
2.045	152
2.0475	152
2.05	152
2.0525	152
2.055	152
2.0575	152
2.06	153
2.0625	153
2.065	153
2.0675	153
2.07	153
2.0725	153
2.075	153
2.0775	153
2.08	154
2.0825	154
2.085	154
2.0875	154
2.09	154
2.0925	154
2.095	154
2.0975	154
2.1	154
2.1025	154
2.105	154
2.1075	154
2.11	154
2.1125	154
2.115	154
2.1175	154
2.12	154
2.1225	154
2.125	154
2.1275	154
2.13	154
2.1325	154
2.135	154
2.1375	154
2.14	154
2.1425	154
2.145	154
2.1475	155
2.15	154
2.1525	155
2.155	155
2.1575	155
2.16	154
2.1625	154
2.165	154
2.1675	154
2.17	154
2.1725	154
2.175	154
2.1775	154
2.18	154
2.1825	154
2.185	154
2.1875	154
2.19	153
2.1925	153
2.195	153
2.1975	153
2.2	153
2.2025	153
2.205	153
2.2075	153
2.21	153
2.2125	153
2.215	153
2.2175	153
2.22	153
2.2225	152
2.225	152
2.2275	152
2.23	152
2.2325	152
2.235	152
2.2375	151
2.24	151
2.2425	151
2.245	151
2.2475	151
2.25	150
2.2525	150
2.255	150
2.2575	150
2.26	150
2.2625	150
2.265	149
2.2675	149
2.27	149
2.2725	149
2.275	149
2.2775	149
2.28	148
2.2825	148
2.285	148
2.2875	148
2.29	147
2.2925	147
2.295	147
2.2975	147
2.3	146
2.3025	146
2.305	146
2.3075	145
2.31	145
2.3125	145
2.315	144
2.3175	144
2.32	144
2.3225	144
2.325	143
2.3275	143
2.33	143
2.3325	142
2.335	142
2.3375	142
2.34	142
2.3425	141
2.345	141
2.3475	141
2.35	140
2.3525	140
2.355	140
2.3575	139
2.36	139
2.3625	139
2.365	138
2.3675	138
2.37	137
2.3725	137
2.375	137
2.3775	136
2.38	136
2.3825	135
2.385	135
2.3875	134
2.39	134
2.3925	133
2.395	133
2.3975	133
2.4	132
2.4025	132
2.405	131
2.4075	131
2.41	130
2.4125	130
2.415	129
2.4175	129
2.42	129
2.4225	128
2.425	128
2.4275	127
2.43	127
2.4325	126
2.435	126
2.4375	125
2.44	125
2.4425	124
2.445	124
2.4475	123
2.45	122
2.4525	122
2.455	121
2.4575	121
2.46	120
2.4625	119
2.465	119
2.4675	118
2.47	118
2.4725	117
2.475	116
2.4775	116
2.48	115
2.4825	115
2.485	114
2.4875	113
2.49	113
2.4925	112
2.495	112
2.4975	111
2.5	110
2.5025	110
2.505	109
2.5075	109
2.51	108
2.5125	107
2.515	107
2.5175	106
2.52	105
2.5225	104
2.525	104
2.5275	103
2.53	102
2.5325	102
2.535	101
2.5375	100
2.54	99
2.5425	99
2.545	98
2.5475	97
2.55	96
2.5525	96
2.555	95
2.5575	94
2.56	93
2.5625	93
2.565	92
2.5675	91
2.57	90
2.5725	89
2.575	89
2.5775	88
2.58	87
2.5825	86
2.585	85
2.5875	85
2.59	84
2.5925	83
2.595	82
2.5975	81
2.6	81
2.6025	80
2.605	79
2.6075	78
2.61	77
2.6125	76
2.615	75
2.6175	75
2.62	74
2.6225	73
2.625	72
2.6275	71
2.63	70
2.6325	69
2.635	68
2.6375	67
2.64	66
2.6425	66
2.645	65
2.6475	64
2.65	63
2.6525	62
2.655	61
2.6575	60
2.66	59
2.6625	58
2.665	57
2.6675	56
2.67	55
2.6725	54
2.675	53
2.6775	52
2.68	51
2.6825	50
2.685	49
2.6875	48
2.69	47
2.6925	46
2.695	45
2.6975	44
2.7	43
2.7025	42
2.705	41
2.7075	40
2.71	39
2.7125	38
2.715	37
2.7175	35
2.72	34
2.7225	33
2.725	32
2.7275	31
2.73	30
2.7325	29
2.735	28
2.7375	27
2.74	26
2.7425	25
2.745	24
2.7475	23
2.75	21
2.7525	20
2.755	19
2.7575	18
2.76	17
2.7625	16
2.765	14
2.7675	13
2.77	12
2.7725	11
2.775	10
2.7775	9
2.78	8
2.7825	7
2.785	6
2.7875	6
2.79	5
2.7925	5
2.795	3
2.7975	2
2.8	0
2.8025	0
2.805	-2
2.8075	-4
2.81	-5
2.8125	-7
2.815	-8
2.8175	-10
2.82	-11
2.8225	-12
2.825	-13
2.8275	-15
2.83	-16
2.8325	-17
2.835	-18
2.8375	-19
2.84	-21
2.8425	-22
2.845	-23
2.8475	-24
2.85	-25
2.8525	-26
2.855	-28
2.8575	-29
2.86	-30
2.8625	-31
2.865	-32
2.8675	-34
2.87	-35
2.8725	-36
2.875	-37
2.8775	-39
2.88	-40
2.8825	-41
2.885	-42
2.8875	-44
2.89	-45
2.8925	-46
2.895	-47
2.8975	-49
2.9	-50
2.9025	-51
2.905	-52
2.9075	-54
2.91	-55
2.9125	-56
2.915	-57
2.9175	-59
2.92	-60
2.9225	-61
2.925	-63
2.9275	-64
2.93	-65
2.9325	-67
2.935	-68
2.9375	-69
2.94	-70
2.9425	-72
2.945	-73
2.9475	-74
2.95	-75
2.9525	-77
2.955	-78
2.9575	-79
2.96	-81
2.9625	-82
2.965	-83
2.9675	-84
2.97	-86
2.9725	-87
2.975	-88
2.9775	-89
2.98	-91
2.9825	-92
2.985	-93
2.9875	-94
2.99	-96
2.9925	-97
2.995	-98
2.9975	-100
3	-101
3.0025	-102
3.005	-104
3.0075	-105
3.01	-106
3.0125	-108
3.015	-109
3.0175	-110
3.02	-112
3.0225	-113
3.025	-114
3.0275	-115
3.03	-117
3.0325	-118
3.035	-119
3.0375	-120
3.04	-122
3.0425	-123
3.045	-124
3.0475	-125
3.05	-127
3.0525	-128
3.055	-129
3.0575	-130
3.06	-131
3.0625	-133
3.065	-134
3.0675	-135
3.07	-136
3.0725	-138
3.075	-139
3.0775	-140
3.08	-142
3.0825	-143
3.085	-144
3.0875	-145
3.09	-147
3.0925	-148
3.095	-149
3.0975	-150
3.1	-152
3.1025	-153
3.105	-154
3.1075	-155
3.11	-156
3.1125	-157
3.115	-159
3.1175	-160
3.12	-161
3.1225	-162
3.125	-163
3.1275	-164
3.13	-165
3.1325	-167
3.135	-168
3.1375	-169
3.14	-170
3.1425	-171
3.145	-173
3.1475	-174
3.15	-175
3.1525	-176
3.155	-177
3.1575	-179
3.16	-180
3.1625	-181
3.165	-182
3.1675	-183
3.17	-184
3.1725	-185
3.175	-186
3.1775	-187
3.18	-188
3.1825	-189
3.185	-190
3.1875	-191
3.19	-192
3.1925	-193
3.195	-195
3.1975	-196
3.2	-197
3.2025	-198
3.205	-199
3.2075	-200
3.21	-201
3.2125	-202
3.215	-203
3.2175	-204
3.22	-205
3.2225	-206
3.225	-206
3.2275	-207
3.23	-208
3.2325	-209
3.235	-210
3.2375	-211
3.24	-212
3.2425	-213
3.245	-214
3.2475	-215
3.25	-216
3.2525	-217
3.255	-218
3.2575	-219
3.26	-219
3.2625	-220
3.265	-221
3.2675	-222
3.27	-222
3.2725	-223
3.275	-224
3.2775	-225
3.28	-226
3.2825	-227
3.285	-227
3.2875	-228
3.29	-229
3.2925	-230
3.295	-231
3.2975	-231
3.3	-232
3.3025	-233
3.305	-234
3.3075	-234
3.31	-235
3.3125	-236
3.315	-236
3.3175	-237
3.32	-237
3.3225	-238
3.325	-239
3.3275	-239
3.33	-240
3.3325	-241
3.335	-242
3.3375	-242
3.34	-243
3.3425	-243
3.345	-244
3.3475	-244
3.35	-245
3.3525	-245
3.355	-246
3.3575	-246
3.36	-246
3.3625	-247
3.365	-248
3.3675	-248
3.37	-249
3.3725	-249
3.375	-250
3.3775	-250
3.38	-250
3.3825	-251
3.385	-251
3.3875	-251
3.39	-252
3.3925	-252
3.395	-252
3.3975	-253
3.4	-253
3.4025	-253
3.405	-254
3.4075	-254
3.41	-254
3.4125	-255
3.415	-255
3.4175	-255
3.42	-256
3.4225	-256
3.425	-256
3.4275	-256
3.43	-256
3.4325	-256
3.435	-256
3.4375	-257
3.44	-257
3.4425	-257
3.445	-257
3.4475	-257
3.45	-257
3.4525	-258
3.455	-258
3.4575	-258
3.46	-258
3.4625	-258
3.465	-258
3.4675	-257
3.47	-257
3.4725	-257
3.475	-257
3.4775	-257
3.48	-257
3.4825	-257
3.485	-257
3.4875	-257
3.49	-257
3.4925	-257
3.495	-257
3.4975	-256
3.5	-256
3.5025	-256
3.505	-256
3.5075	-255
3.51	-255
3.5125	-255
3.515	-254
3.5175	-254
3.52	-254
3.5225	-254
3.525	-254
3.5275	-253
3.53	-253
3.5325	-253
3.535	-252
3.5375	-252
3.54	-252
3.5425	-251
3.545	-251
3.5475	-250
3.55	-250
3.5525	-249
3.555	-249
3.5575	-248
3.56	-248
3.5625	-247
3.565	-247
3.5675	-246
3.57	-246
3.5725	-245
3.575	-245
3.5775	-244
3.58	-244
3.5825	-243
3.585	-242
3.5875	-241
3.59	-241
3.5925	-240
3.595	-239
3.5975	-238
3.6	-238
3.6025	-237
3.605	-236
3.6075	-236
3.61	-235
3.6125	-234
3.615	-233
3.6175	-232
3.62	-232
3.6225	-231
3.625	-230
3.6275	-229
3.63	-228
3.6325	-227
3.635	-226
3.6375	-225
3.64	-224
3.6425	-223
3.645	-222
3.6475	-221
3.65	-220
3.6525	-219
3.655	-218
3.6575	-217
3.66	-216
3.6625	-215
3.665	-214
3.6675	-213
3.67	-212
3.6725	-211
3.675	-209
3.6775	-208
3.68	-207
3.6825	-206
3.685	-204
3.6875	-203
3.69	-202
3.6925	-201
3.695	-199
3.6975	-198
3.7	-197
3.7025	-196
3.705	-194
3.7075	-193
3.71	-192
3.7125	-190
3.715	-189
3.7175	-188
3.72	-186
3.7225	-185
3.725	-183
3.7275	-182
3.73	-180
3.7325	-179
3.735	-177
3.7375	-176
3.74	-174
3.7425	-173
3.745	-171
3.7475	-169
3.75	-168
3.7525	-166
3.755	-165
3.7575	-163
3.76	-162
3.7625	-160
3.765	-159
3.7675	-157
3.77	-155
3.7725	-153
3.775	-152
3.7775	-150
3.78	-148
3.7825	-147
3.785	-145
3.7875	-143
3.79	-141
3.7925	-140
3.795	-138
3.7975	-136
3.8	-134
3.8025	-132
3.805	-130
3.8075	-128
3.81	-127
3.8125	-125
3.815	-123
3.8175	-121
3.82	-119
3.8225	-117
3.825	-115
3.8275	-113
3.83	-111
3.8325	-110
3.835	-108
3.8375	-106
3.84	-104
3.8425	-102
3.845	-100
3.8475	-98
3.85	-96
3.8525	-94
3.855	-92
3.8575	-90
3.86	-88
3.8625	-86
3.865	-84
3.8675	-81
3.87	-79
3.8725	-77
3.875	-75
3.8775	-73
3.88	-71
3.8825	-69
3.885	-67
3.8875	-64
3.89	-62
3.8925	-60
3.895	-58
3.8975	-56
3.9	-53
3.9025	-51
3.905	-49
3.9075	-47
3.91	-44
3.9125	-42
3.915	-40
3.9175	-38
3.92	-35
3.9225	-33
3.925	-31
3.9275	-28
3.93	-26
3.9325	-24
3.935	-21
3.9375	-19
3.94	-17
3.9425	-16
3.945	-14
3.9475	-13
3.95	-11
3.9525	-9
3.955	-7
3.9575	-4
3.96	-1
3.9625	1
3.965	4
3.9675	7
3.97	10
3.9725	13
3.975	15
3.9775	18
3.98	21
3.9825	23
3.985	26
3.9875	28
3.99	30
3.9925	33
3.995	35
3.9975	37
4	40
4.0025	42
4.005	45
4.0075	47
4.01	49
4.0125	52
4.015	54
4.0175	56
4.02	59
4.0225	61
4.025	63
4.0275	66
4.03	68
4.0325	71
4.035	73
4.0375	75
4.04	77
4.0425	80
4.045	82
4.0475	85
4.05	87
4.0525	89
4.055	92
4.0575	94
4.06	96
4.0625	99
4.065	101
4.0675	103
4.07	106
4.0725	108
4.075	111
4.0775	113
4.08	115
4.0825	118
4.085	120
4.0875	123
4.09	125
4.0925	127
4.095	130
4.0975	132
4.1	134
4.1025	137
4.105	139
4.1075	141
4.11	144
4.1125	146
4.115	148
4.1175	151
4.12	153
4.1225	155
4.125	157
4.1275	160
4.13	162
4.1325	164
4.135	166
4.1375	168
4.14	171
4.1425	173
4.145	175
4.1475	177
4.15	180
4.1525	182
4.155	184
4.1575	186
4.16	189
4.1625	191
4.165	193
4.1675	195
4.17	197
4.1725	199
4.175	201
4.1775	203
4.18	205
4.1825	207
4.185	210
4.1875	212
4.19	214
4.1925	216
4.195	218
4.1975	220
4.2	222
4.2025	224
4.205	226
4.2075	228
4.21	230
4.2125	232
4.215	234
4.2175	236
4.22	238
4.2225	239
4.225	241
4.2275	243
4.23	245
4.2325	247
4.235	248
4.2375	250
4.24	252
4.2425	254
4.245	256
4.2475	257
4.25	259
4.2525	261
4.255	262
4.2575	264
4.26	265
4.2625	267
4.265	269
4.2675	270
4.27	272
4.2725	273
4.275	275
4.2775	277
4.28	278
4.2825	280
4.285	281
4.2875	283
4.29	284
4.2925	285
4.295	287
4.2975	288
4.3	289
4.3025	291
4.305	292
4.3075	294
4.31	295
4.3125	296
4.315	297
4.3175	298
4.32	300
4.3225	301
4.325	302
4.3275	303
4.33	304
4.3325	304
4.335	305
4.3375	306
4.34	307
4.3425	308
4.345	309
4.3475	310
4.35	311
4.3525	311
4.355	312
4.3575	313
4.36	313
4.3625	314
4.365	315
4.3675	315
4.37	316
4.3725	316
4.375	317
4.3775	318
4.38	318
4.3825	319
4.385	319
4.3875	319
4.39	320
4.3925	320
4.395	320
4.3975	321
4.4	321
4.4025	321
4.405	322
4.4075	322
4.41	322
4.4125	322
4.415	322
4.4175	323
4.42	323
4.4225	323
4.425	323
4.4275	323
4.43	323
4.4325	323
4.435	323
4.4375	323
4.44	323
4.4425	322
4.445	322
4.4475	322
4.45	322
4.4525	321
4.455	321
4.4575	321
4.46	321
4.4625	320
4.465	320
4.4675	320
4.47	319
4.4725	319
4.475	319
4.4775	318
4.48	317
4.4825	317
4.485	316
4.4875	316
4.49	315
4.4925	315
4.495	314
4.4975	313
4.5	313
4.5025	312
4.505	312
4.5075	311
4.51	310
4.5125	309
4.515	308
4.5175	307
4.52	306
4.5225	306
4.525	305
4.5275	304
4.53	303
4.5325	302
4.535	301
4.5375	300
4.54	299
4.5425	298
4.545	296
4.5475	295
4.55	294
4.5525	293
4.555	292
4.5575	290
4.56	289
4.5625	288
4.565	287
4.5675	286
4.57	284
4.5725	283
4.575	282
4.5775	280
4.58	279
4.5825	277
4.585	276
4.5875	275
4.59	273
4.5925	271
4.595	270
4.5975	268
4.6	267
4.6025	266
4.605	264
4.6075	262
4.61	261
4.6125	259
4.615	258
4.6175	256
4.62	254
4.6225	252
4.625	250
4.6275	249
4.63	247
4.6325	245
4.635	243
4.6375	241
4.64	239
4.6425	238
4.645	236
4.6475	234
4.65	232
4.6525	230
4.655	228
4.6575	226
4.66	224
4.6625	222
4.665	220
4.6675	218
4.67	216
4.6725	213
4.675	211
4.6775	209
4.68	207
4.6825	205
4.685	203
4.6875	200
4.69	198
4.6925	196
4.695	194
4.6975	192
4.7	190
4.7025	187
4.705	185
4.7075	183
4.71	180
4.7125	178
4.715	176
4.7175	173
4.72	171
4.7225	169
4.725	166
4.7275	164
4.73	161
4.7325	159
4.735	156
4.7375	154
4.74	151
4.7425	149
4.745	146
4.7475	144
4.75	142
4.7525	139
4.755	137
4.7575	134
4.76	131
4.7625	129
4.765	127
4.7675	124
4.77	121
4.7725	119
4.775	116
4.7775	114
4.78	111
4.7825	108
4.785	106
4.7875	103
4.79	100
4.7925	98
4.795	95
4.7975	92
4.8	89
4.8025	87
4.805	84
4.8075	81
4.81	79
4.8125	76
4.815	73
4.8175	70
4.82	68
4.8225	65
4.825	62
4.8275	59
4.83	57
4.8325	54
4.835	51
4.8375	48
4.84	46
4.8425	43
4.845	40
4.8475	37
4.85	34
4.8525	31
4.855	28
4.8575	26
4.86	23
4.8625	21
4.865	19
4.8675	17
4.87	15
4.8725	12
4.875	9
4.8775	5
4.88	2
4.8825	0
4.885	-4
4.8875	-7
4.89	-10
4.8925	-13
4.895	-16
4.8975	-19
4.9	-21
4.9025	-24
4.905	-27
4.9075	-30
4.91	-33
4.9125	-35
4.915	-38
4.9175	-41
4.92	-43
4.9225	-46
4.925	-49
4.9275	-52
4.93	-55
4.9325	-57
4.935	-60
4.9375	-63
4.94	-65
4.9425	-68
4.945	-71
4.9475	-74
4.95	-76
4.9525	-79
4.955	-82
4.9575	-84
4.96	-87
4.9625	-90
4.965	-92
4.9675	-95
4.97	-98
4.9725	-100
4.975	-103
4.9775	-106
4.98	-108
4.9825	-111
4.985	-113
4.9875	-116
4.99	-119
4.9925	-121
4.995	-124
4.9975	-126
5	-129
5.0025	-131
5.005	-134
5.0075	-136
5.01	-139
5.0125	-141
5.015	-144
5.0175	-147
5.02	-149
5.0225	-152
5.025	-154
5.0275	-157
5.03	-159
5.0325	-161
5.035	-164
5.0375	-166
5.04	-169
5.0425	-171
5.045	-173
5.0475	-176
5.05	-178
5.0525	-180
5.055	-182
5.0575	-185
5.06	-187
5.0625	-189
5.065	-192
5.0675	-194
5.07	-196
5.0725	-198
5.075	-201
5.0775	-203
5.08	-205
5.0825	-207
5.085	-209
5.0875	-211
5.09	-213
5.0925	-216
5.095	-218
5.0975	-219
5.1	-222
5.1025	-223
5.105	-225
5.1075	-228
5.11	-229
5.1125	-232
5.115	-234
5.1175	-236
5.12	-238
5.1225	-239
5.125	-241
5.1275	-243
5.13	-245
5.1325	-247
5.135	-249
5.1375	-250
5.14	-252
5.1425	-254
5.145	-255
5.1475	-257
5.15	-259
5.1525	-261
5.155	-262
5.1575	-264
5.16	-266
5.1625	-267
5.165	-269
5.1675	-270
5.17	-272
5.1725	-273
5.175	-275
5.1775	-276
5.18	-277
5.1825	-279
5.185	-280
5.1875	-282
5.19	-283
5.1925	-284
5.195	-286
5.1975	-287
5.2	-288
5.2025	-289
5.205	-291
5.2075	-292
5.21	-293
5.2125	-294
5.215	-295
5.2175	-296
5.22	-297
5.2225	-299
5.225	-300
5.2275	-301
5.23	-302
5.2325	-303
5.235	-304
5.2375	-305
5.24	-306
5.2425	-306
5.245	-307
5.2475	-308
5.25	-309
5.2525	-310
5.255	-311
5.2575	-312
5.26	-312
5.2625	-313
5.265	-314
5.2675	-314
5.27	-315
5.2725	-315
5.275	-316
5.2775	-316
5.28	-317
5.2825	-317
5.285	-318
5.2875	-319
5.29	-319
5.2925	-319
5.295	-320
5.2975	-320
5.3	-320
5.3025	-321
5.305	-321
5.3075	-321
5.31	-321
5.3125	-322
5.315	-322
5.3175	-322
5.32	-322
5.3225	-323
5.325	-323
5.3275	-323
5.33	-323
5.3325	-323
5.335	-323
5.3375	-323
5.34	-323
5.3425	-323
5.345	-323
5.3475	-322
5.35	-322
5.3525	-322
5.355	-322
5.3575	-322
5.36	-322
5.3625	-321
5.365	-321
5.3675	-320
5.37	-320
5.3725	-320
5.375	-319
5.3775	-319
5.38	-319
5.3825	-318
5.385	-318
5.3875	-317
5.39	-317
5.3925	-316
5.395	-315
5.3975	-315
5.4	-314
5.4025	-314
5.405	-313
5.4075	-312
5.41	-312
5.4125	-311
5.415	-310
5.4175	-310
5.42	-309
5.4225	-308
5.425	-307
5.4275	-306
5.43	-305
5.4325	-304
5.435	-303
5.4375	-302
5.44	-301
5.4425	-300
5.445	-299
5.4475	-298
5.45	-297
5.4525	-296
5.455	-295
5.4575	-294
5.46	-293
5.4625	-291
5.465	-290
5.4675	-289
5.47	-288
5.4725	-286
5.475	-285
5.4775	-284
5.48	-282
5.4825	-281
5.485	-280
5.4875	-278
5.49	-277
5.4925	-275
5.495	-274
5.4975	-272
5.5	-271
5.5025	-269
5.505	-267
5.5075	-266
5.51	-264
5.5125	-263
5.515	-261
5.5175	-260
5.52	-258
5.5225	-257
5.525	-255
5.5275	-253
5.53	-252
5.5325	-250
5.535	-248
5.5375	-246
5.54	-244
5.5425	-242
5.545	-240
5.5475	-238
5.55	-237
5.5525	-235
5.555	-233
5.5575	-231
5.56	-229
5.5625	-227
5.565	-225
5.5675	-223
5.57	-221
5.5725	-219
5.575	-217
5.5775	-215
5.58	-213
5.5825	-210
5.585	-208
5.5875	-206
5.59	-204
5.5925	-202
5.595	-199
5.5975	-197
5.6	-195
5.6025	-193
5.605	-191
5.6075	-188
5.61	-186
5.6125	-184
5.615	-182
5.6175	-179
5.62	-177
5.6225	-175
5.625	-172
5.6275	-170
5.63	-167
5.6325	-165
5.635	-163
5.6375	-160
5.64	-158
5.6425	-155
5.645	-153
5.6475	-150
5.65	-148
5.6525	-145
5.655	-143
5.6575	-140
5.66	-138
5.6625	-135
5.665	-133
5.6675	-130
5.67	-127
5.6725	-125
5.675	-122
5.6775	-120
5.68	-117
5.6825	-115
5.685	-112
5.6875	-110
5.69	-107
5.6925	-104
5.695	-102
5.6975	-99
5.7	-96
5.7025	-94
5.705	-91
5.7075	-88
5.71	-86
5.7125	-83
5.715	-80
5.7175	-78
5.72	-75
5.7225	-72
5.725	-69
5.7275	-66
5.73	-64
5.7325	-61
5.735	-58
5.7375	-55
5.74	-53
5.7425	-50
5.745	-47
5.7475	-44
5.75	-41
5.7525	-39
5.755	-36
5.7575	-33
5.76	-30
5.7625	-27
5.765	-25
5.7675	-22
5.77	-20
5.7725	-18
5.775	-16
5.7775	-14
5.78	-12
5.7825	-9
5.785	-5
5.7875	-2
5.79	1
5.7925	4
5.795	8
5.7975	11
5.8	14
5.8025	17
5.805	20
5.8075	23
5.81	26
5.8125	29
5.815	32
5.8175	35
5.82	37
5.8225	40
5.825	43
5.8275	46
5.83	48
5.8325	51
5.835	54
5.8375	56
5.84	59
5.8425	62
5.845	64
5.8475	67
5.85	70
5.8525	73
5.855	75
5.8575	78
5.86	80
5.8625	83
5.865	86
5.8675	89
5.87	91
5.8725	94
5.875	96
5.8775	99
5.88	102
5.8825	104
5.885	107
5.8875	109
5.89	112
5.8925	115
5.895	117
5.8975	120
5.9	122
5.9025	125
5.905	128
5.9075	130
5.91	133
5.9125	135
5.915	138
5.9175	141
5.92	143
5.9225	146
5.925	148
5.9275	151
5.93	153
5.9325	155
5.935	158
5.9375	160
5.94	163
5.9425	165
5.945	167
5.9475	170
5.95	172
5.9525	174
5.955	177
5.9575	179
5.96	181
5.9625	184
5.965	186
5.9675	188
5.97	191
5.9725	193
5.975	195
5.9775	197
5.98	200
5.9825	202
5.985	204
5.9875	206
5.99	208
5.9925	210
5.995	212
5.9975	214
6	216
6.0025	218
6.005	221
6.0075	223
6.01	225
6.0125	227
6.015	229
6.0175	231
6.02	233
6.0225	235
6.025	237
6.0275	239
6.03	240
6.0325	242
6.035	244
6.0375	246
6.04	248
6.0425	249
6.045	251
6.0475	253
6.05	255
6.0525	256
6.055	258
6.0575	260
6.06	262
6.0625	263
6.065	265
6.0675	266
6.07	268
6.0725	269
6.075	271
6.0775	272
6.08	274
6.0825	275
6.085	277
6.0875	278
6.09	279
6.0925	281
6.095	282
6.0975	284
6.1	285
6.1025	286
6.105	288
6.1075	289
6.11	290
6.1125	291
6.115	292
6.1175	294
6.12	295
6.1225	296
6.125	297
6.1275	298
6.13	299
6.1325	301
6.135	301
6.1375	302
6.14	303
6.1425	304
6.145	305
6.1475	306
6.15	307
6.1525	308
6.155	309
6.1575	310
6.16	310
6.1625	311
6.165	312
6.1675	312
6.17	313
6.1725	314
6.175	314
6.1775	315
6.18	315
6.1825	316
6.185	317
6.1875	317
6.19	318
6.1925	318
6.195	319
6.1975	319
6.2	319
6.2025	320
6.205	320
6.2075	320
6.21	321
6.2125	321
6.215	321
6.2175	322
6.22	322
6.2225	322
6.225	322
6.2275	323
6.23	323
6.2325	323
6.235	323
6.2375	323
6.24	323
6.2425	323
6.245	323
6.2475	323
6.25	323
6.2525	323
6.255	322
6.2575	322
6.26	322
6.2625	322
6.265	321
6.2675	321
6.27	321
6.2725	321
6.275	320
6.2775	320
6.28	320
6.2825	319
6.285	319
6.2875	318
6.29	318
6.2925	317
6.295	317
6.2975	316
6.3	316
6.3025	315
6.305	315
6.3075	314
6.31	313
6.3125	313
6.315	312
6.3175	311
6.32	311
6.3225	310
6.325	309
6.3275	308
6.33	307
6.3325	306
6.335	306
6.3375	305
6.34	304
6.3425	303
6.345	302
6.3475	301
6.35	300
6.3525	299
6.355	298
6.3575	297
6.36	295
6.3625	294
6.365	293
6.3675	292
6.37	291
6.3725	289
6.375	288
6.3775	287
6.38	286
6.3825	284
6.385	283
6.3875	282
6.39	280
6.3925	279
6.395	277
6.3975	276
6.4	274
6.4025	273
6.405	271
6.4075	270
6.41	268
6.4125	267
6.415	265
6.4175	264
6.42	262
6.4225	261
6.425	259
6.4275	257
6.43	256
6.4325	254
6.435	252
6.4375	250
6.44	249
6.4425	247
6.445	245
6.4475	243
6.45	241
6.4525	239
6.455	238
6.4575	236
6.46	234
6.4625	232
6.465	230
6.4675	228
6.47	226
6.4725	224
6.475	222
6.4775	220
6.48	218
6.4825	215
6.485	213
6.4875	211
6.49	209
6.4925	207
6.495	205
6.4975	203
6.5	200
6.5025	198
6.505	196
6.5075	194
6.51	192
6.5125	190
6.515	187
6.5175	185
6.52	183
6.5225	180
6.525	178
6.5275	176
6.53	173
6.5325	171
6.535	168
6.5375	166
6.54	164
6.5425	161
6.545	159
6.5475	156
6.55	154
6.5525	151
6.555	149
6.5575	146
6.56	144
6.5625	141
6.565	139
6.5675	136
6.57	134
6.5725	131
6.575	129
6.5775	126
6.58	124
6.5825	121
6.585	119
6.5875	116
6.59	113
6.5925	111
6.595	108
6.5975	106
6.6	103
6.6025	100
6.605	98
6.6075	95
6.61	92
6.6125	89
6.615	87
6.6175	84
6.62	81
6.6225	79
6.625	76
6.6275	73
6.63	70
6.6325	68
6.635	65
6.6375	62
6.64	59
6.6425	57
6.645	54
6.6475	51
6.65	48
6.6525	46
6.655	43
6.6575	40
6.66	37
6.6625	34
6.665	31
6.6675	28
6.67	26
6.6725	23
6.675	21
6.6775	19
6.68	17
6.6825	15
6.685	12
6.6875	9
6.69	5
6.6925	2
6.695	0
6.6975	-4
6.7	-7
6.7025	-10
6.705	-13
6.7075	-16
6.71	-19
6.7125	-21
6.715	-24
6.7175	-27
6.72	-30
6.7225	-33
6.725	-35
6.7275	-38
6.73	-41
6.7325	-44
6.735	-46
6.7375	-49
6.74	-52
6.7425	-55
6.745	-57
6.7475	-60
6.75	-63
6.7525	-65
6.755	-68
6.7575	-71
6.76	-73
6.7625	-76
6.765	-79
6.7675	-82
6.77	-84
6.7725	-87
6.775	-90
6.7775	-92
6.78	-95
6.7825	-98
6.785	-100
6.7875	-103
6.79	-106
6.7925	-108
6.795	-111
6.7975	-113
6.8	-116
6.8025	-119
6.805	-121
6.8075	-124
6.81	-126
6.8125	-129
6.815	-131
6.8175	-134
6.82	-136
6.8225	-139
6.825	-142
6.8275	-144
6.83	-147
6.8325	-149
6.835	-152
6.8375	-154
6.84	-157
6.8425	-159
6.845	-161
6.8475	-164
6.85	-166
6.8525	-169
6.855	-171
6.8575	-173
6.86	-176
6.8625	-178
6.865	-180
6.8675	-182
6.87	-185
6.8725	-187
6.875	-189
6.8775	-192
6.88	-194
6.8825	-196
6.885	-198
6.8875	-201
6.89	-203
6.8925	-205
6.895	-207
6.8975	-209
6.9	-211
6.9025	-213
6.905	-216
6.9075	-218
6.91	-219
6.9125	-222
6.915	-224
6.9175	-225
6.92	-228
6.9225	-229
6.925	-232
6.9275	-234
6.93	-236
6.9325	-238
6.935	-240
6.9375	-242
6.94	-243
6.9425	-245
6.945	-247
6.9475	-249
6.95	-250
6.9525	-252
6.955	-254
6.9575	-255
6.96	-257
6.9625	-259
6.965	-261
6.9675	-262
6.97	-264
6.9725	-266
6.975	-267
6.9775	-269
6.98	-270
6.9825	-272
6.985	-273
6.9875	-275
6.99	-276
6.9925	-277
6.995	-279
6.9975	-280
7	-282
7.0025	-283
7.005	-284
7.0075	-286
7.01	-287
7.0125	-288
7.015	-289
7.0175	-291
7.02	-292
7.0225	-293
7.025	-294
7.0275	-295
7.03	-296
7.0325	-297
7.035	-299
7.0375	-300
7.04	-301
7.0425	-302
7.045	-303
7.0475	-304
7.05	-305
7.0525	-306
7.055	-306
7.0575	-307
7.06	-308
7.0625	-309
7.065	-310
7.0675	-311
7.07	-312
7.0725	-312
7.075	-313
7.0775	-314
7.08	-314
7.0825	-315
7.085	-315
7.0875	-316
7.09	-316
7.0925	-317
7.095	-317
7.0975	-318
7.1	-319
7.1025	-319
7.105	-319
7.1075	-320
7.11	-320
7.1125	-320
7.115	-320
7.1175	-321
7.12	-321
7.1225	-321
7.125	-322
7.1275	-322
7.13	-322
7.1325	-322
7.135	-323
7.1375	-323
7.14	-323
7.1425	-323
7.145	-323
7.1475	-323
7.15	-323
7.1525	-323
7.155	-323
7.1575	-323
7.16	-322
7.1625	-322
7.165	-322
7.1675	-322
7.17	-322
7.1725	-322
7.175	-321
7.1775	-321
7.18	-320
7.1825	-320
7.185	-320
7.1875	-319
7.19	-319
7.1925	-319
7.195	-318
7.1975	-318
7.2	-317
7.2025	-317
7.205	-316
7.2075	-315
7.21	-315
7.2125	-314
7.215	-313
7.2175	-313
7.22	-312
7.2225	-312
7.225	-311
7.2275	-310
7.23	-310
7.2325	-309
7.235	-308
7.2375	-307
7.24	-306
7.2425	-305
7.245	-304
7.2475	-303
7.25	-302
7.2525	-301
7.255	-300
7.2575	-299
7.26	-298
7.2625	-297
7.265	-296
7.2675	-295
7.27	-294
7.2725	-293
7.275	-291
7.2775	-290
7.28	-289
7.2825	-288
7.285	-286
7.2875	-285
7.29	-284
7.2925	-282
7.295	-281
7.2975	-280
7.3	-278
7.3025	-277
7.305	-275
7.3075	-274
7.31	-272
7.3125	-271
7.315	-269
7.3175	-267
7.32	-266
7.3225	-264
7.325	-263
7.3275	-261
7.33	-260
7.3325	-258
7.335	-257
7.3375	-255
7.34	-253
7.3425	-251
7.345	-250
7.3475	-248
7.35	-246
7.3525	-244
7.355	-242
7.3575	-240
7.36	-238
7.3625	-237
7.365	-235
7.3675	-233
7.37	-231
7.3725	-229
7.375	-227
7.3775	-225
7.38	-223
7.3825	-221
7.385	-219
7.3875	-217
7.39	-215
7.3925	-213
7.395	-210
7.3975	-208
7.4	-206
7.4025	-204
7.405	-202
7.4075	-199
7.41	-197
7.4125	-195
7.415	-193
7.4175	-191
7.42	-188
7.4225	-186
7.425	-184
7.4275	-181
7.43	-179
7.4325	-177
7.435	-175
7.4375	-172
7.44	-170
7.4425	-167
7.445	-165
7.4475	-163
7.45	-160
7.4525	-158
7.455	-155
7.4575	-153
7.46	-150
7.4625	-148
7.465	-145
7.4675	-143
7.47	-140
7.4725	-138
7.475	-135
7.4775	-132
7.48	-130
7.4825	-127
7.485	-125
7.4875	-122
7.49	-120
7.4925	-117
7.495	-115
7.4975	-112
7.5	-109
7.5025	-107
7.505	-104
7.5075	-102
7.51	-99
7.5125	-96
7.515	-94
7.5175	-91
7.52	-88
7.5225	-86
7.525	-83
7.5275	-80
7.53	-77
7.5325	-75
7.535	-72
7.5375	-69
7.54	-66
7.5425	-64
7.545	-61
7.5475	-58
7.55	-55
7.5525	-53
7.555	-50
7.5575	-47
7.56	-44
7.5625	-41
7.565	-38
7.5675	-36
7.57	-33
7.5725	-30
7.575	-27
7.5775	-25
7.58	-22
7.5825	-20
7.585	-18
7.5875	-16
7.59	-14
7.5925	-12
7.595	-9
7.5975	-5
7.6	-2
7.6025	1
7.605	4
7.6075	8
7.61	11
7.6125	14
7.615	17
7.6175	20
7.62	23
7.6225	26
7.625	29
7.6275	32
7.63	35
7.6325	37
7.635	40
7.6375	43
7.64	46
7.6425	48
7.645	51
7.6475	54
7.65	56
7.6525	59
7.655	62
7.6575	64
7.66	67
7.6625	70
7.665	73
7.6675	75
7.67	78
7.6725	81
7.675	83
7.6775	86
7.68	89
7.6825	91
7.685	94
7.6875	96
7.69	99
7.6925	102
7.695	104
7.6975	107
7.7	109
7.7025	112
7.705	115
7.7075	117
7.71	120
7.7125	122
7.715	125
7.7175	128
7.72	130
7.7225	133
7.725	135
7.7275	138
7.73	141
7.7325	143
7.735	146
7.7375	148
7.74	151
7.7425	153
7.745	155
7.7475	158
7.75	160
7.7525	163
7.755	165
7.7575	167
7.76	170
7.7625	172
7.765	174
7.7675	177
7.77	179
7.7725	181
7.775	184
7.7775	186
7.78	188
7.7825	191
7.785	193
7.7875	195
7.79	198
7.7925	200
7.795	202
7.7975	204
7.8	206
7.8025	208
7.805	210
7.8075	212
7.81	214
7.8125	217
7.815	219
7.8175	221
7.82	223
7.8225	225
7.825	227
7.8275	229
7.83	231
7.8325	233
7.835	235
7.8375	237
7.84	239
7.8425	241
7.845	242
7.8475	244
7.85	246
7.8525	248
7.855	249
7.8575	251
7.86	253
7.8625	255
7.865	257
7.8675	258
7.87	260
7.8725	262
7.875	263
7.8775	265
7.88	266
7.8825	268
7.885	269
7.8875	271
7.89	272
7.8925	274
7.895	275
7.8975	277
7.9	278
7.9025	280
7.905	281
7.9075	282
7.91	284
7.9125	285
7.915	286
7.9175	288
7.92	289
7.9225	290
7.925	291
7.9275	292
7.93	294
7.9325	295
7.935	296
7.9375	297
7.94	298
7.9425	300
7.945	301
7.9475	301
7.95	302
7.9525	303
7.955	304
7.9575	305
7.96	306
7.9625	307
7.965	308
7.9675	309
7.97	310
7.9725	310
7.975	311
7.9775	312
7.98	312
7.9825	313
7.985	314
7.9875	314
7.99	315
7.9925	315
7.995	316
7.9975	317
8	317
8.0025	318
8.005	318
8.0075	319
8.01	319
8.0125	319
8.015	320
8.0175	320
8.02	320
8.0225	321
8.025	321
8.0275	321
8.03	322
8.0325	322
8.035	322
8.0375	322
8.04	323
8.0425	323
8.045	323
8.0475	323
8.05	323
8.0525	323
8.055	323
8.0575	323
8.06	323
8.0625	323
8.065	323
8.0675	322
8.07	322
8.0725	322
8.075	322
8.0775	321
8.08	321
8.0825	321
8.085	321
8.0875	320
8.09	320
8.0925	320
8.095	319
8.0975	319
8.1	318
8.1025	318
8.105	317
8.1075	317
8.11	316
8.1125	316
8.115	315
8.1175	315
8.12	314
8.1225	313
8.125	313
8.1275	312
8.13	312
8.1325	311
8.135	310
8.1375	309
8.14	308
8.1425	307
8.145	306
8.1475	306
8.15	305
8.1525	304
8.155	303
8.1575	302
8.16	301
8.1625	300
8.165	299
8.1675	298
8.17	297
8.1725	295
8.175	294
8.1775	293
8.18	292
8.1825	290
8.185	289
8.1875	288
8.19	287
8.1925	286
8.195	284
8.1975	283
8.2	282
8.2025	280
8.205	279
8.2075	277
8.21	276
8.2125	274
8.215	273
8.2175	271
8.22	270
8.2225	268
8.225	267
8.2275	265
8.23	264
8.2325	262
8.235	261
8.2375	259
8.24	257
8.2425	256
8.245	254
8.2475	252
8.25	250
8.2525	248
8.255	247
8.2575	245
8.26	243
8.2625	241
8.265	239
8.2675	238
8.27	236
8.2725	234
8.275	232
8.2775	230
8.28	228
8.2825	226
8.285	224
8.2875	222
8.29	220
8.2925	218
8.295	215
8.2975	213
8.3	211
8.3025	209
8.305	207
8.3075	205
8.31	203
8.3125	200
8.315	198
8.3175	196
8.32	194
8.3225	192
8.325	189
8.3275	187
8.33	185
8.3325	183
8.335	180
8.3375	178
8.34	176
8.3425	173
8.345	171
8.3475	168
8.35	166
8.3525	164
8.355	161
8.3575	159
8.36	156
8.3625	154
8.365	151
8.3675	149
8.37	146
8.3725	144
8.375	141
8.3775	139
8.38	136
8.3825	134
8.385	131
8.3875	129
8.39	126
8.3925	124
8.395	121
8.3975	119
8.4	116
8.4025	113
8.405	111
8.4075	108
8.41	106
8.4125	103
8.415	100
8.4175	98
8.42	95
8.4225	92
8.425	89
8.4275	87
8.43	84
8.4325	81
8.435	79
8.4375	76
8.44	73
8.4425	70
8.445	68
8.4475	65
8.45	62
8.4525	59
8.455	57
8.4575	54
8.46	51
8.4625	48
8.465	45
8.4675	43
8.47	40
8.4725	37
8.475	34
8.4775	31
8.48	28
8.4825	26
8.485	23
8.4875	21
8.49	19
8.4925	17
8.495	15
8.4975	12
8.5	9
8.5025	5
8.505	2
8.5075	0
8.51	-4
8.5125	-7
8.515	-10
8.5175	-13
8.52	-16
8.5225	-19
8.525	-22
8.5275	-24
8.53	-27
8.5325	-30
8.535	-33
8.5375	-35
8.54	-38
8.5425	-41
8.545	-44
8.5475	-46
8.55	-49
8.5525	-52
8.555	-55
8.5575	-57
8.56	-60
8.5625	-63
8.565	-65
8.5675	-68
8.57	-71
8.5725	-74
8.575	-76
8.5775	-79
8.58	-82
8.5825	-84
8.585	-87
8.5875	-90
8.59	-92
8.5925	-95
8.595	-98
8.5975	-100
8.6	-103
8.6025	-106
8.605	-108
8.6075	-111
8.61	-113
8.6125	-116
8.615	-119
8.6175	-121
8.62	-124
8.6225	-126
8.625	-129
8.6275	-131
8.63	-134
8.6325	-136
8.635	-139
8.6375	-142
8.64	-144
8.6425	-147
8.645	-149
8.6475	-152
8.65	-154
8.6525	-157
8.655	-159
8.6575	-162
8.66	-164
8.6625	-166
8.665	-169
8.6675	-171
8.67	-173
8.6725	-176
8.675	-178
8.6775	-180
8.68	-182
8.6825	-185
8.685	-187
8.6875	-189
8.69	-192
8.6925	-194
8.695	-196
8.6975	-198
8.7	-201
8.7025	-203
8.705	-205
8.7075	-207
8.71	-209
8.7125	-211
8.715	-214
8.7175	-216
8.72	-218
8.7225	-220
8.725	-222
8.7275	-223
8.73	-225
8.7325	-228
8.735	-230
8.7375	-232
8.74	-234
8.7425	-236
8.745	-238
8.7475	-240
8.75	-241
8.7525	-243
8.755	-245
8.7575	-247
8.76	-249
8.7625	-250
8.765	-252
8.7675	-254
8.77	-255
8.7725	-257
8.775	-259
8.7775	-261
8.78	-262
8.7825	-264
8.785	-266
8.7875	-267
8.79	-269
8.7925	-270
8.795	-272
8.7975	-273
8.8	-275
8.8025	-276
8.805	-277
8.8075	-279
8.81	-280
8.8125	-282
8.815	-283
8.8175	-284
8.82	-286
8.8225	-287
8.825	-288
8.8275	-289
8.83	-291
8.8325	-292
8.835	-293
8.8375	-294
8.84	-295
8.8425	-296
8.845	-298
8.8475	-299
8.85	-300
8.8525	-301
8.855	-302
8.8575	-303
8.86	-304
8.8625	-305
8.865	-306
8.8675	-306
8.87	-307
8.8725	-308
8.875	-309
8.8775	-310
8.88	-311
8.8825	-312
8.885	-312
8.8875	-313
8.89	-314
8.8925	-314
8.895	-315
8.8975	-315
8.9	-316
8.9025	-316
8.905	-317
8.9075	-317
8.91	-318
8.9125	-319
8.915	-319
8.9175	-319
8.92	-320
8.9225	-320
8.925	-320
8.9275	-320
8.93	-321
8.9325	-321
8.935	-321
8.9375	-322
8.94	-322
8.9425	-322
8.945	-322
8.9475	-323
8.95	-323
8.9525	-323
8.955	-323
8.9575	-323
8.96	-323
8.9625	-323
8.965	-323
8.9675	-323
8.97	-323
8.9725	-322
8.975	-322
8.9775	-322
8.98	-322
8.9825	-322
8.985	-322
8.9875	-321
8.99	-321
8.9925	-320
8.995	-320
8.9975	-320
9	-319
9.0025	-319
9.005	-319
9.0075	-318
9.01	-318
9.0125	-317
9.015	-317
9.0175	-316
9.02	-315
9.0225	-315
9.025	-314
9.0275	-313
9.03	-313
9.0325	-312
9.035	-312
9.0375	-311
9.04	-310
9.0425	-310
9.045	-309
9.0475	-308
9.05	-307
9.0525	-306
9.055	-305
9.0575	-304
9.06	-303
9.0625	-302
9.065	-301
9.0675	-300
9.07	-299
9.0725	-298
9.075	-297
9.0775	-296
9.08	-295
9.0825	-294
9.085	-293
9.0875	-291
9.09	-290
9.0925	-289
9.095	-288
9.0975	-286
9.1	-285
9.1025	-284
9.105	-282
9.1075	-281
9.11	-280
9.1125	-278
9.115	-277
9.1175	-275
9.12	-274
9.1225	-272
9.125	-271
9.1275	-269
9.13	-267
9.1325	-266
9.135	-264
9.1375	-263
9.14	-261
9.1425	-260
9.145	-258
9.1475	-257
9.15	-255
9.1525	-253
9.155	-251
9.1575	-250
9.16	-248
9.1625	-246
9.165	-244
9.1675	-242
9.17	-240
9.1725	-238
9.175	-237
9.1775	-235
9.18	-233
9.1825	-231
9.185	-229
9.1875	-227
9.19	-225
9.1925	-223
9.195	-221
9.1975	-219
9.2	-217
9.2025	-215
9.205	-213
9.2075	-210
9.21	-208
9.2125	-206
9.215	-204
9.2175	-202
9.22	-199
9.2225	-197
9.225	-195
9.2275	-193
9.23	-190
9.2325	-188
9.235	-186
9.2375	-184
9.24	-181
9.2425	-179
9.245	-177
9.2475	-175
9.25	-172
9.2525	-170
9.255	-167
9.2575	-165
9.26	-163
9.2625	-160
9.265	-158
9.2675	-155
9.27	-153
9.2725	-150
9.275	-148
9.2775	-145
9.28	-142
9.2825	-140
9.285	-138
9.2875	-135
9.29	-132
9.2925	-130
9.295	-127
9.2975	-125
9.3	-122
9.3025	-120
9.305	-117
9.3075	-115
9.31	-112
9.3125	-109
9.315	-107
9.3175	-104
9.32	-102
9.3225	-99
9.325	-96
9.3275	-94
9.33	-91
9.3325	-88
9.335	-86
9.3375	-83
9.34	-80
9.3425	-77
9.345	-75
9.3475	-72
9.35	-69
9.3525	-66
9.355	-64
9.3575	-61
9.36	-58
9.3625	-55
9.365	-53
9.3675	-50
9.37	-47
9.3725	-44
9.375	-41
9.3775	-38
9.38	-36
9.3825	-33
9.385	-30
9.3875	-27
9.39	-24
9.3925	-22
9.395	-20
9.3975	-18
9.4	-16
9.4025	-14
9.405	-12
9.4075	-9
9.41	-5
9.4125	-2
9.415	1
9.4175	4
9.42	8
9.4225	11
9.425	14
9.4275	17
9.43	20
9.4325	23
9.435	26
9.4375	29
9.44	32
9.4425	35
9.445	37
9.4475	40
9.45	43
9.4525	46
9.455	48
9.4575	51
9.46	54
9.4625	57
9.465	59
9.4675	62
9.47	65
9.4725	67
9.475	70
9.4775	73
9.48	75
9.4825	78
9.485	81
9.4875	83
9.49	86
9.4925	89
9.495	91
9.4975	94
9.5	96
9.5025	99
9.505	102
9.5075	104
9.51	107
9.5125	109
9.515	112
9.5175	115
9.52	117
9.5225	120
9.525	122
9.5275	125
9.53	128
9.5325	130
9.535	133
9.5375	135
9.54	138
9.5425	141
9.545	143
9.5475	146
9.55	148
9.5525	151
9.555	153
9.5575	155
9.56	158
9.5625	160
9.565	163
9.5675	165
9.57	167
9.5725	170
9.575	172
9.5775	174
9.58	177
9.5825	179
9.585	181
9.5875	184
9.59	186
9.5925	188
9.595	191
9.5975	193
9.6	195
9.6025	198
9.605	200
9.6075	202
9.61	204
9.6125	206
9.615	208
9.6175	210
9.62	212
9.6225	214
9.625	217
9.6275	219
9.63	221
9.6325	223
9.635	225
9.6375	227
9.64	229
9.6425	231
9.645	233
9.6475	235
9.65	237
9.6525	239
9.655	241
9.6575	242
9.66	244
9.6625	246
9.665	248
9.6675	249
9.67	251
9.6725	253
9.675	255
9.6775	257
9.68	258
9.6825	260
9.685	262
9.6875	263
9.69	265
9.6925	266
9.695	268
9.6975	269
9.7	271
9.7025	272
9.705	274
9.7075	275
9.71	277
9.7125	278
9.715	280
9.7175	281
9.72	282
9.7225	284
9.725	285
9.7275	286
9.73	288
9.7325	289
9.735	290
9.7375	291
9.74	292
9.7425	294
9.745	295
9.7475	296
9.75	297
9.7525	298
9.755	300
9.7575	301
9.76	301
9.7625	302
9.765	303
9.7675	304
9.77	305
9.7725	306
9.775	307
9.7775	308
9.78	309
9.7825	310
9.785	310
9.7875	311
9.79	312
9.7925	312
9.795	313
9.7975	314
9.8	314
9.8025	315
9.805	315
9.8075	316
9.81	317
9.8125	317
9.815	318
9.8175	318
9.82	319
9.8225	319
9.825	319
9.8275	320
9.83	320
9.8325	320
9.835	321
9.8375	321
9.84	321
9.8425	322
9.845	322
9.8475	322
9.85	323
9.8525	323
9.855	323
9.8575	323
9.86	323
9.8625	323
9.865	323
9.8675	323
9.87	323
9.8725	323
9.875	323
9.8775	323
9.88	322
9.8825	322
9.885	322
9.8875	322
9.89	321
9.8925	321
9.895	321
9.8975	320
9.9	320
9.9025	320
9.905	320
9.9075	319
9.91	319
9.9125	318
9.915	318
9.9175	317
9.92	317
9.9225	316
9.925	316
9.9275	315
9.93	314
9.9325	314
9.935	313
9.9375	313
9.94	312
9.9425	311
9.945	311
9.9475	310
9.95	309
9.9525	308
9.955	307
9.9575	306
9.96	305
9.9625	305
9.965	304
9.9675	303
9.97	302
9.9725	301
9.975	300
9.9775	299
9.98	298
9.9825	296
9.985	295
9.9875	294
9.99	293
9.9925	292
9.995	290
9.9975	289
10	288
10.0025	287
10.005	286
10.0075	284
10.01	283
10.0125	282
10.015	280
10.0175	279
10.02	277
10.0225	276
10.025	274
10.0275	273
10.03	271
10.0325	270
10.035	268
10.0375	267
10.04	265
10.0425	264
10.045	262
10.0475	261
10.05	259
10.0525	257
10.055	256
10.0575	254
10.06	252
10.0625	250
10.065	248
10.0675	247
10.07	245
10.0725	243
10.075	241
10.0775	239
10.08	237
10.0825	236
10.085	234
10.0875	232
10.09	230
10.0925	228
10.095	226
10.0975	224
10.1	222
10.1025	220
10.105	218
10.1075	215
10.11	213
10.1125	211
10.115	209
10.1175	207
10.12	205
10.1225	203
10.125	200
10.1275	198
10.13	196
10.1325	194
10.135	192
10.1375	189
10.14	187
10.1425	185
10.145	183
10.1475	180
10.15	178
10.1525	176
10.155	173
10.1575	171
10.16	168
10.1625	166
10.165	164
10.1675	161
10.17	159
10.1725	156
10.175	154
10.1775	151
10.18	149
10.1825	146
10.185	144
10.1875	141
10.19	139
10.1925	136
10.195	134
10.1975	131
10.2	129
10.2025	126
10.205	124
10.2075	121
10.21	119
10.2125	116
10.215	113
10.2175	111
10.22	108
10.2225	105
10.225	103
10.2275	100
10.23	98
10.2325	95
10.235	92
10.2375	89
