#1
double n1(4096,2)   # comment line
0	0
0.0025	0
0.005	0
0.0075	0
0.01	0
0.0125	0
0.015	0
0.0175	0
0.02	0
0.0225	0
0.025	0
0.0275	0
0.03	0
0.0325	0
0.035	0
0.0375	0
0.04	0
0.0425	0
0.045	0
0.0475	0
0.05	0
0.0525	0
0.055	0
0.0575	0
0.06	0
0.0625	0
0.065	0
0.0675	0
0.07	0
0.0725	0
0.075	0
0.0775	0
0.08	0
0.0825	0
0.085	0
0.0875	0
0.09	0
0.0925	0
0.095	0
0.0975	0
0.1	0
0.1025	0
0.105	1
0.1075	0
0.11	0
0.1125	0
0.115	0
0.1175	0
0.12	0
0.1225	0
0.125	0
0.1275	-6
0.13	0
0.1325	0
0.135	0
0.1375	0
0.14	0
0.1425	0
0.145	0
0.1475	0
0.15	0
0.1525	0
0.155	0
0.1575	0
0.16	0
0.1625	0
0.165	0
0.1675	0
0.17	6
0.1725	0
0.175	0
0.1775	0
0.18	0
0.1825	0
0.185	0
0.1875	0
0.19	0
0.1925	-3
0.195	0
0.1975	0
0.2	0
0.2025	0
0.205	0
0.2075	-6
0.21	0
0.2125	0
0.215	0
0.2175	0
0.22	0
0.2225	0
0.225	0
0.2275	0
0.23	0
0.2325	0
0.235	0
0.2375	0
0.24	0
0.2425	0
0.245	0
0.2475	0
0.25	0
0.2525	0
0.255	0
0.2575	1
0.26	1
0.2625	3
0.265	0
0.2675	0
0.27	0
0.2725	0
0.275	0
0.2775	1
0.28	0
0.2825	0
0.285	0
0.2875	0
0.29	0
0.2925	0
0.295	0
0.2975	0
0.3	6
0.3025	0
0.305	0
0.3075	6
0.31	0
0.3125	0
0.315	0
0.3175	1
0.32	0
0.3225	0
0.325	0
0.3275	0
0.33	3
0.3325	0
0.335	0
0.3375	0
0.34	0
0.3425	0
0.345	3
0.3475	0
0.35	0
0.3525	0
0.355	0
0.3575	0
0.36	0
0.3625	0
0.365	0
0.3675	0
0.37	0
0.3725	0
0.375	0
0.3775	3
0.38	3
0.3825	0
0.385	0
0.3875	3
0.39	6
0.3925	3
0.395	0
0.3975	1
0.4	0
0.4025	0
0.405	0
0.4075	0
0.41	0
0.4125	0
0.415	0
0.4175	0
0.42	0
0.4225	0
0.425	0
0.4275	0
0.43	3
0.4325	0
0.435	0
0.4375	0
0.44	0
0.4425	0
0.445	0
0.4475	0
0.45	0
0.4525	3
0.455	0
0.4575	1
0.46	6
0.4625	3
0.465	0
0.4675	0
0.47	1
0.4725	0
0.475	7
0.4775	1
0.48	1
0.4825	1
0.485	6
0.4875	1
0.49	0
0.4925	0
0.495	0
0.4975	1
0.5	0
0.5025	6
0.505	3
0.5075	0
0.51	1
0.5125	3
0.515	0
0.5175	3
0.52	1
0.5225	1
0.525	6
0.5275	6
0.53	1
0.5325	6
0.535	3
0.5375	6
0.54	0
0.5425	6
0.545	3
0.5475	1
0.55	1
0.5525	3
0.555	1
0.5575	3
0.56	3
0.5625	7
0.565	3
0.5675	1
0.57	3
0.5725	7
0.575	3
0.5775	8
0.58	7
0.5825	7
0.585	3
0.5875	2
0.59	7
0.5925	3
0.595	2
0.5975	1
0.6	3
0.6025	8
0.605	1
0.6075	8
0.61	7
0.6125	7
0.615	3
0.6175	7
0.62	8
0.6225	2
0.625	8
0.6275	2
0.63	10
0.6325	7
0.635	4
0.6375	10
0.64	4
0.6425	9
0.645	4
0.6475	8
0.65	4
0.6525	4
0.655	8
0.6575	8
0.66	4
0.6625	5
0.665	8
0.6675	8
0.67	4
0.6725	4
0.675	8
0.6775	10
0.68	8
0.6825	8
0.685	4
0.6875	8
0.69	4
0.6925	5
0.695	10
0.6975	8
0.7	10
0.7025	10
0.705	8
0.7075	5
0.71	5
0.7125	8
0.715	10
0.7175	5
0.72	5
0.7225	8
0.725	10
0.7275	10
0.73	11
0.7325	11
0.735	11
0.7375	11
0.74	9
0.7425	12
0.745	12
0.7475	12
0.75	9
0.7525	10
0.755	10
0.7575	12
0.76	12
0.7625	12
0.765	12
0.7675	12
0.77	12
0.7725	12
0.775	6
0.7775	12
0.78	12
0.7825	12
0.785	9
0.7875	12
0.79	12
0.7925	12
0.795	12
0.7975	12
0.8	10
0.8025	12
0.805	9
0.8075	12
0.81	13
0.8125	13
0.815	13
0.8175	18
0.82	12
0.8225	18
0.825	14
0.8275	12
0.83	14
0.8325	12
0.835	12
0.8375	13
0.84	12
0.8425	12
0.845	13
0.8475	12
0.85	14
0.8525	15
0.855	15
0.8575	14
0.86	14
0.8625	13
0.865	13
0.8675	19
0.87	16
0.8725	13
0.875	16
0.8775	16
0.88	14
0.8825	19
0.885	20
0.8875	14
0.89	19
0.8925	20
0.895	16
0.8975	19
0.9	16
0.9025	22
0.905	20
0.9075	20
0.91	19
0.9125	21
0.915	16
0.9175	21
0.92	17
0.9225	20
0.925	20
0.9275	16
0.93	23
0.9325	21
0.935	20
0.9375	23
0.94	21
0.9425	22
0.945	23
0.9475	21
0.95	23
0.9525	21
0.955	21
0.9575	24
0.96	24
0.9625	21
0.965	21
0.9675	18
0.97	24
0.9725	24
0.975	23
0.9775	23
0.98	24
0.9825	24
0.985	24
0.9875	24
0.99	23
0.9925	24
0.995	24
0.9975	24
1	20
1.0025	31
1.005	26
1.0075	25
1.01	25
1.0125	25
1.015	25
1.0175	25
1.02	25
1.0225	26
1.025	25
1.0275	26
1.03	31
1.0325	28
1.035	28
1.0375	31
1.04	26
1.0425	28
1.045	26
1.0475	26
1.05	26
1.0525	33
1.055	26
1.0575	28
1.06	26
1.0625	29
1.065	28
1.0675	32
1.07	27
1.0725	29
1.075	35
1.0775	29
1.08	29
1.0825	33
1.085	29
1.0875	29
1.09	30
1.0925	35
1.095	35
1.0975	33
1.1	33
1.1025	35
1.105	35
1.1075	34
1.11	30
1.1125	30
1.115	36
1.1175	31
1.12	37
1.1225	37
1.125	35
1.1275	37
1.13	35
1.1325	36
1.135	35
1.1375	37
1.14	37
1.1425	37
1.145	37
1.1475	43
1.15	38
1.1525	37
1.155	37
1.1575	40
1.16	37
1.1625	39
1.165	37
1.1675	38
1.17	38
1.1725	39
1.175	43
1.1775	39
1.18	45
1.1825	44
1.185	44
1.1875	41
1.19	39
1.1925	41
1.195	45
1.1975	44
1.2	44
1.2025	41
1.205	41
1.2075	45
1.21	47
1.2125	46
1.215	42
1.2175	41
1.22	46
1.2225	46
1.225	46
1.2275	48
1.23	48
1.2325	49
1.235	49
1.2375	46
1.24	49
1.2425	49
1.245	49
1.2475	49
1.25	43
1.2525	49
1.255	48
1.2575	50
1.26	50
1.2625	50
1.265	53
1.2675	50
1.27	50
1.2725	50
1.275	56
1.2775	50
1.28	50
1.2825	50
1.285	51
1.2875	53
1.29	51
1.2925	51
1.295	57
1.2975	58
1.3	57
1.3025	53
1.305	53
1.3075	53
1.31	58
1.3125	54
1.315	58
1.3175	54
1.32	54
1.3225	58
1.325	55
1.3275	60
1.33	58
1.3325	58
1.335	58
1.3375	55
1.34	60
1.3425	62
1.345	56
1.3475	59
1.35	62
1.3525	62
1.355	59
1.3575	62
1.36	62
1.3625	65
1.365	62
1.3675	62
1.37	62
1.3725	62
1.375	68
1.3775	63
1.38	63
1.3825	65
1.385	64
1.3875	65
1.39	64
1.3925	66
1.395	64
1.3975	66
1.4	66
1.4025	64
1.405	66
1.4075	64
1.41	66
1.4125	66
1.415	66
1.4175	70
1.42	71
1.4225	67
1.425	70
1.4275	71
1.43	73
1.4325	68
1.435	74
1.4375	74
1.44	71
1.4425	68
1.445	74
1.4475	74
1.45	68
1.4525	75
1.455	75
1.4575	75
1.46	75
1.4625	75
1.465	75
1.4675	81
1.47	76
1.4725	75
1.475	81
1.4775	81
1.48	81
1.4825	76
1.485	76
1.4875	76
1.49	81
1.4925	79
1.495	83
1.4975	79
1.5	79
1.5025	79
1.505	85
1.5075	83
1.51	79
1.5125	85
1.515	86
1.5175	85
1.52	83
1.5225	85
1.525	86
1.5275	80
1.53	85
1.5325	81
1.535	87
1.5375	81
1.54	86
1.5425	81
1.545	85
1.5475	87
1.55	87
1.5525	87
1.555	89
1.5575	90
1.56	88
1.5625	90
1.565	88
1.5675	87
1.57	93
1.5725	91
1.575	91
1.5775	91
1.58	94
1.5825	89
1.585	91
1.5875	95
1.59	91
1.5925	91
1.595	97
1.5975	97
1.6	96
1.6025	95
1.605	92
1.6075	93
1.61	93
1.6125	93
1.615	98
1.6175	93
1.62	93
1.6225	98
1.625	99
1.6275	100
1.63	99
1.6325	100
1.635	100
1.6375	100
1.64	100
1.6425	100
1.645	103
1.6475	103
1.65	100
1.6525	103
1.655	100
1.6575	100
1.66	103
1.6625	107
1.665	103
1.6675	103
1.67	104
1.6725	107
1.675	104
1.6775	104
1.68	104
1.6825	108
1.685	104
1.6875	108
1.69	110
1.6925	111
1.695	109
1.6975	105
1.7	111
1.7025	110
1.705	112
1.7075	111
1.71	112
1.7125	112
1.715	112
1.7175	112
1.72	113
1.7225	112
1.725	112
1.7275	114
1.73	112
1.7325	115
1.735	115
1.7375	118
1.74	115
1.7425	118
1.745	112
1.7475	114
1.75	114
1.7525	116
1.755	119
1.7575	119
1.76	116
1.7625	119
1.765	120
1.7675	120
1.77	120
1.7725	120
1.775	120
1.7775	121
1.78	121
1.7825	117
1.785	118
1.7875	123
1.79	121
1.7925	124
1.795	124
1.7975	121
1.8	123
1.8025	124
1.805	124
1.8075	124
1.81	131
1.8125	124
1.815	128
1.8175	125
1.82	126
1.8225	125
1.825	128
1.8275	128
1.83	126
1.8325	126
1.835	128
1.8375	126
1.84	125
1.8425	126
1.845	129
1.8475	128
1.85	126
1.8525	132
1.855	132
1.8575	129
1.86	128
1.8625	129
1.865	133
1.8675	129
1.87	133
1.8725	133
1.875	135
1.8775	130
1.88	135
1.8825	134
1.885	135
1.8875	130
1.89	136
1.8925	135
1.895	137
1.8975	136
1.9	131
1.9025	137
1.905	135
1.9075	137
1.91	137
1.9125	137
1.915	137
1.9175	135
1.92	137
1.9225	137
1.925	138
1.9275	137
1.93	143
1.9325	140
1.935	138
1.9375	138
1.94	140
1.9425	140
1.945	141
1.9475	141
1.95	140
1.9525	139
1.955	145
1.9575	139
1.96	141
1.9625	139
1.965	145
1.9675	141
1.97	145
1.9725	141
1.975	141
1.9775	141
1.98	142
1.9825	142
1.985	145
1.9875	141
1.99	142
1.9925	148
1.995	142
1.9975	147
2	146
2.0025	142
2.005	148
2.0075	148
2.01	142
2.0125	146
2.015	149
2.0175	143
2.02	149
2.0225	143
2.025	149
2.0275	149
2.03	149
2.0325	148
2.035	149
2.0375	150
2.04	150
2.0425	150
2.045	149
2.0475	150
2.05	143
2.0525	148
2.055	148
2.0575	150
2.06	150
2.0625	150
2.065	150
2.0675	149
2.07	150
2.0725	150
2.075	150
2.0775	150
2.08	151
2.0825	151
2.085	150
2.0875	150
2.09	153
2.0925	156
2.095	150
2.0975	156
2.1	151
2.1025	153
2.105	150
2.1075	153
2.11	151
2.1125	151
2.115	151
2.1175	150
2.12	156
2.1225	151
2.125	151
2.1275	157
2.13	151
2.1325	153
2.135	157
2.1375	157
2.14	151
2.1425	156
2.145	153
2.1475	154
2.15	154
2.1525	157
2.155	153
2.1575	154
2.16	151
2.1625	153
2.165	151
2.1675	151
2.17	152
2.1725	157
2.175	151
2.1775	154
2.18	154
2.1825	157
2.185	151
2.1875	157
2.19	154
2.1925	154
2.195	153
2.1975	153
2.2	154
2.2025	151
2.205	151
2.2075	157
2.21	154
2.2125	157
2.215	154
2.2175	153
2.22	157
2.2225	158
2.225	153
2.2275	157
2.23	157
2.2325	154
2.235	153
2.2375	154
2.24	152
2.2425	153
2.245	153
2.2475	153
2.25	150
2.2525	151
2.255	151
2.2575	151
2.26	153
2.2625	151
2.265	153
2.2675	151
2.27	151
2.2725	151
2.275	153
2.2775	153
2.28	157
2.2825	156
2.285	153
2.2875	151
2.29	153
2.2925	150
2.295	150
2.2975	156
2.3	150
2.3025	150
2.305	150
2.3075	150
2.31	150
2.3125	150
2.315	150
2.3175	150
2.32	150
2.3225	150
2.325	150
2.3275	149
2.33	150
2.3325	149
2.335	149
2.3375	143
2.34	143
2.3425	149
2.345	146
2.3475	148
2.35	146
2.3525	149
2.355	149
2.3575	149
2.36	142
2.3625	143
2.365	148
2.3675	142
2.37	142
2.3725	141
2.375	146
2.3775	141
2.38	141
2.3825	145
2.385	141
2.3875	145
2.39	141
2.3925	145
2.395	139
2.3975	139
2.4	144
2.4025	139
2.405	139
2.4075	140
2.41	144
2.4125	140
2.415	143
2.4175	137
2.42	137
2.4225	139
2.425	137
2.4275	137
2.43	137
2.4325	135
2.435	137
2.4375	137
2.44	134
2.4425	130
2.445	135
2.4475	134
2.45	133
2.4525	133
2.455	133
2.4575	133
2.46	129
2.4625	127
2.465	129
2.4675	133
2.47	132
2.4725	133
2.475	132
2.4775	126
2.48	125
2.4825	125
2.485	128
2.4875	125
2.49	128
2.4925	126
2.495	125
2.4975	125
2.5	118
2.5025	124
2.505	121
2.5075	118
2.51	121
2.5125	118
2.515	121
2.5175	117
2.52	116
2.5225	116
2.525	120
2.5275	116
2.53	114
2.5325	114
2.535	113
2.5375	119
2.54	118
2.5425	118
2.545	112
2.5475	112
2.55	110
2.5525	112
2.555	112
2.5575	110
2.56	109
2.5625	110
2.565	108
2.5675	104
2.57	105
2.5725	104
2.575	107
2.5775	107
2.58	103
2.5825	103
2.585	107
2.5875	101
2.59	106
2.5925	100
2.595	100
2.5975	99
2.6	99
2.6025	99
2.605	99
2.6075	93
2.61	93
2.6125	91
2.615	91
2.6175	91
2.62	91
2.6225	89
2.625	90
2.6275	90
2.63	88
2.6325	87
2.635	81
2.6375	89
2.64	87
2.6425	85
2.645	85
2.6475	80
2.65	83
2.6525	79
2.655	85
2.6575	83
2.66	82
2.6625	76
2.665	76
2.6675	75
2.67	75
2.6725	68
2.675	74
2.6775	74
2.68	74
2.6825	71
2.685	74
2.6875	67
2.69	66
2.6925	70
2.695	64
2.6975	69
2.7	63
2.7025	64
2.705	68
2.7075	62
2.71	62
2.7125	56
2.715	55
2.7175	55
2.72	55
2.7225	54
2.725	52
2.7275	54
2.73	53
2.7325	50
2.735	53
2.7375	50
2.74	48
2.7425	49
2.745	43
2.7475	43
2.75	46
2.7525	46
2.755	45
2.7575	44
2.76	41
2.7625	39
2.765	37
2.7675	37
2.77	37
2.7725	37
2.775	35
2.7775	34
2.78	30
2.7825	29
2.785	29
2.7875	32
2.79	26
2.7925	31
2.795	25
2.7975	25
2.8	24
2.8025	24
2.805	24
2.8075	24
2.81	22
2.8125	16
2.815	20
2.8175	14
2.82	19
2.8225	12
2.825	12
2.8275	12
2.83	12
2.8325	5
2.835	8
2.8375	8
2.84	8
2.8425	0
2.845	1
2.8475	1
2.85	0
2.8525	0
2.855	0
2.8575	0
2.86	0
2.8625	0
2.865	0
2.8675	0
2.87	0
2.8725	0
2.875	-5
2.8775	-10
2.88	-12
2.8825	-14
2.885	-20
2.8875	-16
2.89	-21
2.8925	-23
2.895	-23
2.8975	-24
2.9	-24
2.9025	-24
2.905	-25
2.9075	-25
2.91	-25
2.9125	-32
2.915	-32
2.9175	-29
2.92	-33
2.9225	-33
2.925	-37
2.9275	-35
2.93	-37
2.9325	-37
2.935	-37
2.9375	-38
2.94	-40
2.9425	-41
2.945	-42
2.9475	-48
2.95	-48
2.9525	-49
2.955	-49
2.9575	-50
2.96	-56
2.9625	-53
2.965	-57
2.9675	-54
2.97	-58
2.9725	-61
2.975	-62
2.9775	-62
2.98	-62
2.9825	-63
2.985	-65
2.9875	-66
2.99	-64
2.9925	-66
2.995	-72
2.9975	-74
3	-74
3.0025	-74
3.005	-75
3.0075	-78
3.01	-76
3.0125	-82
3.015	-77
3.0175	-83
3.02	-80
3.0225	-84
3.025	-85
3.0275	-87
3.03	-90
3.0325	-88
3.035	-89
3.0375	-89
3.04	-91
3.0425	-91
3.045	-98
3.0475	-99
3.05	-99
3.0525	-100
3.055	-100
3.0575	-100
3.06	-101
3.0625	-104
3.065	-108
3.0675	-108
3.07	-110
3.0725	-110
3.075	-112
3.0775	-112
3.08	-112
3.0825	-119
3.085	-116
3.0875	-120
3.09	-120
3.0925	-121
3.095	-124
3.0975	-124
3.1	-124
3.1025	-126
3.105	-125
3.1075	-132
3.11	-128
3.1125	-129
3.115	-133
3.1175	-135
3.12	-136
3.1225	-135
3.125	-137
3.1275	-136
3.13	-137
3.1325	-140
3.135	-141
3.1375	-144
3.14	-141
3.1425	-147
3.145	-143
3.1475	-146
3.15	-149
3.1525	-150
3.155	-150
3.1575	-157
3.16	-151
3.1625	-158
3.165	-154
3.1675	-160
3.17	-155
3.1725	-159
3.175	-162
3.1775	-162
3.18	-162
3.1825	-162
3.185	-169
3.1875	-166
3.19	-169
3.1925	-166
3.195	-167
3.1975	-173
3.2	-174
3.2025	-171
3.205	-174
3.2075	-181
3.21	-181
3.2125	-178
3.215	-179
3.2175	-179
3.22	-178
3.2225	-183
3.225	-186
3.2275	-187
3.23	-187
3.2325	-187
3.235	-188
3.2375	-190
3.24	-189
3.2425	-195
3.245	-191
3.2475	-191
3.25	-195
3.2525	-193
3.255	-198
3.2575	-199
3.26	-199
3.2625	-199
3.265	-200
3.2675	-200
3.27	-207
3.2725	-200
3.275	-208
3.2775	-208
3.28	-208
3.2825	-210
3.285	-212
3.2875	-205
3.29	-212
3.2925	-212
3.295	-212
3.2975	-212
3.3	-215
3.3025	-213
3.305	-212
3.3075	-214
3.31	-214
3.3125	-220
3.315	-224
3.3175	-223
3.32	-218
3.3225	-223
3.325	-223
3.3275	-224
3.33	-225
3.3325	-225
3.335	-225
3.3375	-226
3.34	-231
3.3425	-228
3.345	-233
3.3475	-233
3.35	-227
3.3525	-235
3.355	-229
3.3575	-233
3.36	-230
3.3625	-231
3.365	-237
3.3675	-237
3.37	-237
3.3725	-237
3.375	-237
3.3775	-237
3.38	-244
3.3825	-241
3.385	-239
3.3875	-245
3.39	-244
3.3925	-241
3.395	-241
3.3975	-244
3.4	-241
3.4025	-241
3.405	-241
3.4075	-246
3.41	-249
3.4125	-248
3.415	-249
3.4175	-243
3.42	-249
3.4225	-256
3.425	-249
3.4275	-249
3.43	-250
3.4325	-249
3.435	-253
3.4375	-253
3.44	-250
3.4425	-256
3.445	-250
3.4475	-253
3.45	-257
3.4525	-250
3.455	-258
3.4575	-256
3.46	-253
3.4625	-254
3.465	-253
3.4675	-258
3.47	-253
3.4725	-253
3.475	-255
3.4775	-252
3.48	-255
3.4825	-255
3.485	-258
3.4875	-258
3.49	-258
3.4925	-258
3.495	-260
3.4975	-254
3.5	-261
3.5025	-258
3.505	-258
3.5075	-255
3.51	-260
3.5125	-260
3.515	-260
3.5175	-260
3.52	-260
3.5225	-258
3.525	-261
3.5275	-259
3.53	-260
3.5325	-259
3.535	-258
3.5375	-260
3.54	-260
3.5425	-255
3.545	-260
3.5475	-258
3.55	-253
3.5525	-255
3.555	-254
3.5575	-254
3.56	-258
3.5625	-254
3.565	-255
3.5675	-254
3.57	-254
3.5725	-258
3.575	-257
3.5775	-258
3.58	-254
3.5825	-251
3.585	-253
3.5875	-250
3.59	-253
3.5925	-250
3.595	-250
3.5975	-250
3.6	-256
3.6025	-251
3.605	-250
3.6075	-250
3.61	-251
3.6125	-250
3.615	-249
3.6175	-250
3.62	-249
3.6225	-248
3.625	-243
3.6275	-242
3.63	-243
3.6325	-242
3.635	-241
3.6375	-248
3.64	-241
3.6425	-241
3.645	-241
3.6475	-244
3.65	-241
3.6525	-239
3.655	-237
3.6575	-237
3.66	-238
3.6625	-236
3.665	-232
3.6675	-236
3.67	-233
3.6725	-234
3.675	-229
3.6775	-233
3.68	-229
3.6825	-233
3.685	-232
3.6875	-228
3.69	-225
3.6925	-225
3.695	-225
3.6975	-223
3.7	-224
3.7025	-224
3.705	-223
3.7075	-217
3.71	-220
3.7125	-219
3.715	-216
3.7175	-216
3.72	-212
3.7225	-212
3.725	-214
3.7275	-210
3.73	-210
3.7325	-211
3.735	-205
3.7375	-208
3.74	-208
3.7425	-202
3.745	-201
3.7475	-200
3.75	-200
3.7525	-199
3.755	-199
3.7575	-199
3.76	-197
3.7625	-191
3.765	-191
3.7675	-194
3.77	-188
3.7725	-187
3.775	-187
3.7775	-184
3.78	-185
3.7825	-180
3.785	-183
3.7875	-178
3.79	-176
3.7925	-178
3.795	-175
3.7975	-175
3.8	-173
3.8025	-168
3.805	-170
3.8075	-164
3.81	-169
3.8125	-163
3.815	-162
3.8175	-156
3.82	-160
3.8225	-155
3.825	-158
3.8275	-151
3.83	-153
3.8325	-150
3.835	-150
3.8375	-149
3.84	-143
3.8425	-141
3.845	-144
3.8475	-140
3.85	-137
3.8525	-137
3.855	-136
3.8575	-135
3.86	-129
3.8625	-128
3.865	-126
3.8675	-125
3.87	-125
3.8725	-118
3.875	-121
3.8775	-116
3.88	-119
3.8825	-114
3.885	-112
3.8875	-106
3.89	-111
3.8925	-104
3.895	-107
3.8975	-107
3.9	-103
3.9025	-98
3.905	-96
3.9075	-96
3.91	-91
3.9125	-89
3.915	-89
3.9175	-85
3.92	-84
3.9225	-80
3.925	-77
3.9275	-81
3.93	-76
3.9325	-75
3.935	-68
3.9375	-73
3.94	-70
3.9425	-65
3.945	-62
3.9475	-56
3.95	-60
3.9525	-55
3.955	-52
3.9575	-50
3.96	-50
3.9625	-49
3.965	-46
3.9675	-44
3.97	-39
3.9725	-38
3.975	-37
3.9775	-34
3.98	-29
3.9825	-29
3.985	-25
3.9875	-25
3.99	-24
3.9925	-21
3.995	-16
3.9975	-14
4	-12
4.0025	-10
4.005	-4
4.0075	-8
4.01	-6
4.0125	0
4.015	0
4.0175	0
4.02	0
4.0225	0
4.025	0
4.0275	0
4.03	10
4.0325	6
4.035	20
4.0375	24
4.04	25
4.0425	33
4.045	35
4.0475	37
4.05	37
4.0525	43
4.055	41
4.0575	45
4.06	48
4.0625	43
4.065	49
4.0675	50
4.07	51
4.0725	59
4.075	60
4.0775	62
4.08	62
4.0825	64
4.085	66
4.0875	73
4.09	73
4.0925	74
4.095	81
4.0975	78
4.1	83
4.1025	87
4.105	87
4.1075	87
4.11	89
4.1125	95
4.115	99
4.1175	93
4.12	100
4.1225	103
4.125	108
4.1275	110
4.13	109
4.1325	112
4.135	114
4.1375	120
4.14	121
4.1425	124
4.145	125
4.1475	125
4.15	128
4.1525	129
4.155	133
4.1575	137
4.16	140
4.1625	141
4.165	145
4.1675	148
4.17	149
4.1725	150
4.175	153
4.1775	154
4.18	158
4.1825	155
4.185	162
4.1875	164
4.19	164
4.1925	170
4.195	167
4.1975	173
4.2	181
4.2025	175
4.205	179
4.2075	183
4.21	185
4.2125	184
4.215	187
4.2175	190
4.22	191
4.2225	198
4.225	198
4.2275	199
4.23	200
4.2325	203
4.235	204
4.2375	208
4.24	212
4.2425	212
4.245	212
4.2475	214
4.25	216
4.2525	216
4.255	221
4.2575	224
4.26	225
4.2625	228
4.265	227
4.2675	233
4.27	235
4.2725	233
4.275	237
4.2775	241
4.28	241
4.2825	241
4.285	249
4.2875	248
4.29	251
4.2925	256
4.295	253
4.2975	258
4.3	255
4.3025	258
4.305	256
4.3075	262
4.31	268
4.3125	265
4.315	266
4.3175	270
4.32	273
4.3225	273
4.325	274
4.3275	268
4.33	278
4.3325	275
4.335	282
4.3375	279
4.34	279
4.3425	284
4.345	285
4.3475	281
4.35	281
4.3525	288
4.355	291
4.3575	295
4.36	295
4.3625	291
4.365	296
4.3675	296
4.37	299
4.3725	300
4.375	300
4.3775	306
4.38	301
4.3825	304
4.385	303
4.3875	305
4.39	310
4.3925	310
4.395	308
4.3975	310
4.4	312
4.4025	306
4.405	312
4.4075	312
4.41	312
4.4125	315
4.415	313
4.4175	319
4.42	316
4.4225	320
4.425	316
4.4275	316
4.43	322
4.4325	319
4.435	320
4.4375	316
4.44	323
4.4425	317
4.445	324
4.4475	323
4.45	324
4.4525	324
4.455	324
4.4575	321
4.46	321
4.4625	325
4.465	324
4.4675	324
4.47	318
4.4725	324
4.475	324
4.4775	325
4.48	324
4.4825	325
4.485	321
4.4875	325
4.49	321
4.4925	325
4.495	324
4.4975	325
4.5	318
4.5025	324
4.505	324
4.5075	324
4.51	318
4.5125	324
4.515	318
4.5175	318
4.52	321
4.5225	323
4.525	321
4.5275	322
4.53	316
4.5325	316
4.535	316
4.5375	316
4.54	316
4.5425	316
4.545	319
4.5475	316
4.55	316
4.5525	315
4.555	313
4.5575	312
4.56	315
4.5625	312
4.565	309
4.5675	311
4.57	309
4.5725	310
4.575	310
4.5775	310
4.58	304
4.5825	308
4.585	307
4.5875	308
4.59	300
4.5925	303
4.595	300
4.5975	296
4.6	296
4.6025	296
4.605	293
4.6075	297
4.61	296
4.6125	291
4.615	291
4.6175	290
4.62	287
4.6225	287
4.625	285
4.6275	281
4.63	279
4.6325	283
4.635	278
4.6375	282
4.64	275
4.6425	281
4.645	275
4.6475	271
4.65	268
4.6525	270
4.655	270
4.6575	269
4.66	264
4.6625	264
4.665	262
4.6675	261
4.67	260
4.6725	260
4.675	258
4.6775	258
4.68	251
4.6825	250
4.685	248
4.6875	249
4.69	242
4.6925	244
4.695	245
4.6975	237
4.7	237
4.7025	231
4.705	229
4.7075	233
4.71	226
4.7125	225
4.715	228
4.7175	224
4.72	216
4.7225	220
4.725	220
4.7275	212
4.73	214
4.7325	212
4.735	208
4.7375	210
4.74	208
4.7425	206
4.745	200
4.7475	199
4.75	196
4.7525	191
4.755	189
4.7575	187
4.76	185
4.7625	180
4.765	185
4.7675	177
4.77	175
4.7725	175
4.775	168
4.7775	173
4.78	164
4.7825	166
4.785	162
4.7875	159
4.79	158
4.7925	154
4.795	151
4.7975	150
4.8	149
4.8025	148
4.805	145
4.8075	138
4.81	140
4.8125	135
4.815	135
4.8175	128
4.82	131
4.8225	125
4.825	124
4.8275	121
4.83	116
4.8325	112
4.835	112
4.8375	105
4.84	105
4.8425	107
4.845	101
4.8475	99
4.85	98
4.8525	89
4.855	87
4.8575	87
4.86	85
4.8625	80
4.865	82
4.8675	75
4.87	74
4.8725	74
4.875	66
4.8775	63
4.88	64
4.8825	62
4.885	59
4.8875	58
4.89	56
4.8925	46
4.895	48
4.8975	45
4.9	39
4.9025	37
4.905	31
4.9075	30
4.91	33
4.9125	25
4.915	21
4.9175	18
4.92	20
4.9225	16
4.925	12
4.9275	10
4.93	8
4.9325	1
4.935	0
4.9375	0
4.94	0
4.9425	-6
4.945	0
4.9475	0
4.95	-12
4.9525	-15
4.955	-24
4.9575	-28
4.96	-33
4.9625	-33
4.965	-36
4.9675	-37
4.97	-40
4.9725	-41
4.975	-45
4.9775	-43
4.98	-50
4.9825	-50
4.985	-58
4.9875	-55
4.99	-60
4.9925	-63
4.995	-65
4.9975	-70
5	-72
5.0025	-74
5.005	-75
5.0075	-78
5.01	-82
5.0125	-80
5.015	-84
5.0175	-90
5.02	-88
5.0225	-95
5.025	-99
5.0275	-101
5.03	-101
5.0325	-103
5.035	-109
5.0375	-112
5.04	-115
5.0425	-115
5.045	-122
5.0475	-118
5.05	-124
5.0525	-125
5.055	-133
5.0575	-133
5.06	-135
5.0625	-137
5.065	-140
5.0675	-139
5.07	-147
5.0725	-148
5.075	-149
5.0775	-150
5.08	-153
5.0825	-153
5.085	-160
5.0875	-162
5.09	-165
5.0925	-166
5.095	-170
5.0975	-174
5.1	-174
5.1025	-181
5.105	-178
5.1075	-180
5.11	-183
5.1125	-186
5.115	-193
5.1175	-189
5.12	-194
5.1225	-191
5.125	-196
5.1275	-199
5.13	-200
5.1325	-201
5.135	-202
5.1375	-205
5.14	-210
5.1425	-212
5.145	-218
5.1475	-219
5.15	-217
5.1525	-221
5.155	-223
5.1575	-225
5.16	-225
5.1625	-228
5.165	-229
5.1675	-233
5.17	-235
5.1725	-237
5.175	-237
5.1775	-237
5.18	-245
5.1825	-239
5.185	-243
5.1875	-249
5.19	-249
5.1925	-256
5.195	-251
5.1975	-258
5.2	-255
5.2025	-255
5.205	-262
5.2075	-262
5.21	-262
5.2125	-265
5.215	-264
5.2175	-266
5.22	-271
5.2225	-271
5.225	-274
5.2275	-274
5.23	-275
5.2325	-281
5.235	-276
5.2375	-283
5.24	-282
5.2425	-285
5.245	-285
5.2475	-281
5.25	-287
5.2525	-285
5.255	-294
5.2575	-287
5.26	-295
5.2625	-295
5.265	-291
5.2675	-298
5.27	-298
5.2725	-296
5.275	-298
5.2775	-300
5.28	-300
5.2825	-301
5.285	-306
5.2875	-301
5.29	-304
5.2925	-307
5.295	-310
5.2975	-304
5.3	-311
5.3025	-305
5.305	-312
5.3075	-311
5.31	-312
5.3125	-312
5.315	-312
5.3175	-315
5.32	-315
5.3225	-318
5.325	-319
5.3275	-314
5.33	-314
5.3325	-316
5.335	-320
5.3375	-317
5.34	-320
5.3425	-323
5.345	-320
5.3475	-318
5.35	-321
5.3525	-318
5.355	-323
5.3575	-321
5.36	-323
5.3625	-324
5.365	-321
5.3675	-324
5.37	-323
5.3725	-323
5.375	-318
5.3775	-324
5.38	-323
5.3825	-324
5.385	-318
5.3875	-324
5.39	-323
5.3925	-324
5.395	-325
5.3975	-328
5.4	-325
5.4025	-324
5.405	-325
5.4075	-324
5.41	-324
5.4125	-324
5.415	-318
5.4175	-324
5.42	-323
5.4225	-323
5.425	-324
5.4275	-324
5.43	-321
5.4325	-317
5.435	-318
5.4375	-320
5.44	-316
5.4425	-320
5.445	-317
5.4475	-314
5.45	-320
5.4525	-316
5.455	-320
5.4575	-319
5.46	-313
5.4625	-314
5.465	-312
5.4675	-312
5.47	-310
5.4725	-312
5.475	-308
5.4775	-312
5.48	-308
5.4825	-311
5.485	-304
5.4875	-304
5.49	-304
5.4925	-304
5.495	-300
5.4975	-306
5.5	-300
5.5025	-300
5.505	-299
5.5075	-293
5.51	-293
5.5125	-295
5.515	-296
5.5175	-294
5.52	-292
5.5225	-291
5.525	-288
5.5275	-289
5.53	-287
5.5325	-287
5.535	-283
5.5375	-280
5.54	-283
5.5425	-276
5.545	-278
5.5475	-271
5.55	-275
5.5525	-268
5.555	-274
5.5575	-274
5.56	-266
5.5625	-266
5.565	-269
5.5675	-263
5.57	-262
5.5725	-260
5.575	-256
5.5775	-260
5.58	-258
5.5825	-251
5.585	-256
5.5875	-256
5.59	-250
5.5925	-249
5.595	-246
5.5975	-241
5.6	-241
5.6025	-238
5.605	-239
5.6075	-235
5.61	-231
5.6125	-233
5.615	-233
5.6175	-231
5.62	-225
5.6225	-231
5.625	-224
5.6275	-221
5.63	-220
5.6325	-215
5.635	-212
5.6375	-212
5.64	-211
5.6425	-205
5.645	-204
5.6475	-200
5.65	-200
5.6525	-199
5.655	-199
5.6575	-195
5.66	-189
5.6625	-189
5.665	-187
5.6675	-183
5.67	-180
5.6725	-183
5.675	-175
5.6775	-175
5.68	-175
5.6825	-171
5.685	-170
5.6875	-166
5.69	-162
5.6925	-160
5.695	-158
5.6975	-160
5.7	-157
5.7025	-150
5.705	-149
5.7075	-142
5.71	-145
5.7125	-139
5.715	-140
5.7175	-137
5.72	-130
5.7225	-129
5.725	-126
5.7275	-131
5.73	-123
5.7325	-123
5.735	-120
5.7375	-116
5.74	-112
5.7425	-112
5.745	-104
5.7475	-104
5.75	-103
5.7525	-100
5.755	-99
5.7575	-95
5.76	-89
5.7625	-90
5.765	-87
5.7675	-84
5.77	-83
5.7725	-76
5.775	-75
5.7775	-74
5.78	-73
5.7825	-70
5.785	-62
5.7875	-62
5.79	-56
5.7925	-54
5.795	-51
5.7975	-50
5.8	-43
5.8025	-42
5.805	-44
5.8075	-37
5.81	-37
5.8125	-36
5.815	-33
5.8175	-28
5.82	-25
5.8225	-23
5.825	-20
5.8275	-16
5.83	-13
5.8325	-6
5.835	-8
5.8375	-4
5.84	-1
5.8425	0
5.845	0
5.8475	0
5.85	0
5.8525	0
5.855	0
5.8575	4
5.86	15
5.8625	23
5.865	32
5.8675	33
5.87	37
5.8725	37
5.875	39
5.8775	45
5.88	42
5.8825	43
5.885	49
5.8875	53
5.89	57
5.8925	54
5.895	61
5.8975	62
5.9	68
5.9025	66
5.905	70
5.9075	74
5.91	75
5.9125	81
5.915	77
5.9175	85
5.92	81
5.9225	87
5.925	89
5.9275	91
5.93	98
5.9325	99
5.935	100
5.9375	107
5.94	110
5.9425	112
5.945	112
5.9475	118
5.95	116
5.9525	117
5.955	124
5.9575	125
5.96	128
5.9625	133
5.965	130
5.9675	135
5.97	137
5.9725	139
5.975	145
5.9775	141
5.98	149
5.9825	153
5.985	153
5.9875	157
5.99	160
5.9925	162
5.995	165
5.9975	169
6	166
6.0025	168
6.005	173
6.0075	174
6.01	176
6.0125	178
6.015	179
6.0175	180
6.02	186
6.0225	190
6.025	190
6.0275	189
6.03	192
6.0325	199
6.035	199
6.0375	203
6.04	207
6.0425	208
6.045	210
6.0475	212
6.05	212
6.0525	213
6.055	216
6.0575	216
6.06	221
6.0625	223
6.065	228
6.0675	225
6.07	233
6.0725	229
6.075	233
6.0775	236
6.08	237
6.0825	243
6.085	241
6.0875	239
6.09	247
6.0925	248
6.095	249
6.0975	251
6.1	253
6.1025	250
6.105	260
6.1075	260
6.11	258
6.1125	262
6.115	256
6.1175	262
6.12	262
6.1225	263
6.125	271
6.1275	270
6.13	274
6.1325	268
6.135	274
6.1375	281
6.14	275
6.1425	277
6.145	282
6.1475	285
6.15	286
6.1525	284
6.155	287
6.1575	287
6.16	287
6.1625	287
6.165	294
6.1675	291
6.17	292
6.1725	292
6.175	292
6.1775	299
6.18	293
6.1825	299
6.185	300
6.1875	300
6.19	306
6.1925	300
6.195	304
6.1975	307
6.2	305
6.2025	310
6.205	310
6.2075	311
6.21	309
6.2125	311
6.215	312
6.2175	312
6.22	312
6.2225	312
6.225	314
6.2275	314
6.23	316
6.2325	314
6.235	319
6.2375	322
6.24	316
6.2425	317
6.245	316
6.2475	321
6.25	320
6.2525	323
6.255	316
6.2575	321
6.26	317
6.2625	321
6.265	324
6.2675	324
6.27	318
6.2725	321
6.275	318
6.2775	318
6.28	325
6.2825	321
6.285	324
6.2875	324
6.29	326
6.2925	324
6.295	325
6.2975	324
6.3	325
6.3025	324
6.305	325
6.3075	323
6.31	324
6.3125	318
6.315	324
6.3175	318
6.32	324
6.3225	323
6.325	324
6.3275	321
6.33	324
6.3325	321
6.335	318
6.3375	317
6.34	321
6.3425	320
6.345	320
6.3475	316
6.35	320
6.3525	316
6.355	320
6.3575	316
6.36	319
6.3625	319
6.365	315
6.3675	315
6.37	312
6.3725	314
6.375	309
6.3775	312
6.38	310
6.3825	306
6.385	305
6.3875	305
6.39	310
6.3925	308
6.395	309
6.3975	302
6.4	308
6.4025	300
6.405	300
6.4075	300
6.41	299
6.4125	299
6.415	299
6.4175	298
6.42	292
6.4225	291
6.425	291
6.4275	294
6.43	288
6.4325	293
6.435	287
6.4375	286
6.44	286
6.4425	279
6.445	283
6.4475	278
6.45	279
6.4525	275
6.455	276
6.4575	275
6.46	274
6.4625	274
6.465	266
6.4675	270
6.47	264
6.4725	264
6.475	264
6.4775	262
6.48	261
6.4825	261
6.485	254
6.4875	254
6.49	256
6.4925	250
6.495	253
6.4975	249
6.5	246
6.5025	246
6.505	241
6.5075	239
6.51	237
6.5125	237
6.515	237
6.5175	230
6.52	233
6.5225	229
6.525	225
6.5275	225
6.53	224
6.5325	217
6.535	222
6.5375	216
6.54	215
6.5425	215
6.545	212
6.5475	208
6.55	204
6.5525	202
6.555	200
6.5575	200
6.56	193
6.5625	191
6.565	189
6.5675	194
6.57	188
6.5725	187
6.575	186
6.5775	183
6.58	179
6.5825	175
6.585	175
6.5875	171
6.59	171
6.5925	169
6.595	166
6.5975	162
6.6	161
6.6025	160
6.605	160
6.6075	156
6.61	150
6.6125	149
6.615	142
6.6175	145
6.62	140
6.6225	137
6.625	134
6.6275	133
6.63	133
6.6325	125
6.635	125
6.6375	121
6.64	123
6.6425	120
6.645	112
6.6475	114
6.65	105
6.6525	108
6.655	102
6.6575	106
6.66	99
6.6625	98
6.665	95
6.6675	90
6.67	87
6.6725	87
6.675	83
6.6775	79
6.68	81
6.6825	68
6.685	74
6.6875	66
6.69	69
6.6925	62
6.695	62
6.6975	58
6.7	58
6.7025	53
6.705	48
6.7075	49
6.71	46
6.7125	40
6.715	40
6.7175	34
6.72	30
6.7225	29
6.725	31
6.7275	25
6.73	21
6.7325	16
6.735	12
6.7375	12
6.74	5
6.7425	4
6.745	7
6.7475	0
6.75	0
6.7525	0
6.755	0
6.7575	-3
6.76	0
6.7625	-12
6.765	-19
6.7675	-24
6.77	-25
6.7725	-29
6.775	-34
6.7775	-37
6.78	-37
6.7825	-39
6.785	-41
6.7875	-47
6.79	-49
6.7925	-50
6.795	-53
6.7975	-54
6.8	-58
6.8025	-60
6.805	-67
6.8075	-65
6.81	-66
6.8125	-71
6.815	-73
6.8175	-81
6.82	-76
6.8225	-79
6.825	-83
6.8275	-85
6.83	-93
6.8325	-91
6.835	-95
6.8375	-98
6.84	-100
6.8425	-100
6.845	-108
6.8475	-111
6.85	-112
6.8525	-115
6.855	-114
6.8575	-120
6.86	-121
6.8625	-124
6.865	-125
6.8675	-127
6.87	-135
6.8725	-133
6.875	-137
6.8775	-143
6.88	-141
6.8825	-145
6.885	-149
6.8875	-146
6.89	-151
6.8925	-151
6.895	-158
6.8975	-155
6.9	-162
6.9025	-163
6.905	-166
6.9075	-166
6.91	-171
6.9125	-174
6.915	-176
6.9175	-175
6.92	-180
6.9225	-185
6.925	-187
6.9275	-187
6.93	-189
6.9325	-191
6.935	-191
6.9375	-198
6.94	-199
6.9425	-203
6.945	-200
6.9475	-208
6.95	-208
6.9525	-210
6.955	-214
6.9575	-212
6.96	-216
6.9625	-220
6.965	-222
6.9675	-224
6.97	-225
6.9725	-225
6.975	-225
6.9775	-230
6.98	-233
6.9825	-233
6.985	-235
6.9875	-237
6.99	-243
6.9925	-241
6.995	-241
6.9975	-246
7	-249
7.0025	-249
7.005	-251
7.0075	-253
7.01	-252
7.0125	-258
7.015	-260
7.0175	-262
7.02	-262
7.0225	-262
7.025	-264
7.0275	-263
7.03	-266
7.0325	-267
7.035	-267
7.0375	-274
7.04	-274
7.0425	-276
7.045	-275
7.0475	-278
7.05	-283
7.0525	-277
7.055	-285
7.0575	-286
7.06	-281
7.0625	-287
7.065	-287
7.0675	-289
7.07	-290
7.0725	-291
7.075	-291
7.0775	-291
7.08	-293
7.0825	-292
7.085	-299
7.0875	-296
7.09	-300
7.0925	-300
7.095	-303
7.0975	-307
7.1	-301
7.1025	-301
7.105	-307
7.1075	-305
7.11	-310
7.1125	-305
7.115	-309
7.1175	-312
7.12	-312
7.1225	-314
7.125	-312
7.1275	-315
7.13	-313
7.1325	-313
7.135	-313
7.1375	-319
7.14	-314
7.1425	-320
7.145	-320
7.1475	-317
7.15	-316
7.1525	-320
7.155	-324
7.1575	-320
7.16	-318
7.1625	-322
7.165	-321
7.1675	-322
7.17	-324
7.1725	-324
7.175	-324
7.1775	-324
7.18	-324
7.1825	-324
7.185	-324
7.1875	-323
7.19	-324
7.1925	-324
7.195	-324
7.1975	-325
7.2	-324
7.2025	-325
7.205	-324
7.2075	-324
7.21	-324
7.2125	-325
7.215	-324
7.2175	-324
7.22	-324
7.2225	-325
7.225	-321
7.2275	-318
7.23	-321
7.2325	-323
7.235	-324
7.2375	-323
7.24	-318
7.2425	-324
7.245	-317
7.2475	-323
7.25	-321
7.2525	-317
7.255	-314
7.2575	-320
7.26	-316
7.2625	-316
7.265	-319
7.2675	-320
7.27	-316
7.2725	-314
7.275	-312
7.2775	-312
7.28	-312
7.2825	-312
7.285	-312
7.2875	-311
7.29	-312
7.2925	-305
7.295	-308
7.2975	-308
7.3	-308
7.3025	-302
7.305	-307
7.3075	-303
7.31	-301
7.3125	-303
7.315	-300
7.3175	-300
7.32	-299
7.3225	-298
7.325	-295
7.3275	-292
7.33	-291
7.3325	-291
7.335	-289
7.3375	-290
7.34	-287
7.3425	-287
7.345	-287
7.3475	-280
7.35	-280
7.3525	-278
7.355	-276
7.3575	-276
7.36	-275
7.3625	-275
7.365	-275
7.3675	-274
7.37	-273
7.3725	-266
7.375	-272
7.3775	-264
7.38	-265
7.3825	-262
7.385	-256
7.3875	-256
7.39	-254
7.3925	-257
7.395	-257
7.3975	-250
7.4	-250
7.4025	-250
7.405	-249
7.4075	-249
7.41	-241
7.4125	-239
7.415	-238
7.4175	-237
7.42	-238
7.4225	-231
7.425	-233
7.4275	-229
7.43	-226
7.4325	-225
7.435	-225
7.4375	-221
7.44	-221
7.4425	-221
7.445	-214
7.4475	-215
7.45	-215
7.4525	-209
7.455	-205
7.4575	-208
7.46	-207
7.4625	-200
7.465	-199
7.4675	-198
7.47	-191
7.4725	-195
7.475	-194
7.4775	-187
7.48	-185
7.4825	-185
7.485	-179
7.4875	-176
7.49	-175
7.4925	-174
7.495	-173
7.4975	-169
7.5	-169
7.5025	-162
7.505	-162
7.5075	-158
7.51	-158
7.5125	-157
7.515	-151
7.5175	-150
7.52	-143
7.5225	-145
7.525	-144
7.5275	-140
7.53	-137
7.5325	-135
7.535	-129
7.5375	-126
7.54	-125
7.5425	-124
7.545	-120
7.5475	-120
7.55	-119
7.5525	-112
7.555	-112
7.5575	-108
7.56	-102
7.5625	-101
7.565	-100
7.5675	-99
7.57	-92
7.5725	-95
7.575	-90
7.5775	-87
7.58	-85
7.5825	-83
7.585	-76
7.5875	-78
7.59	-73
7.5925	-67
7.595	-66
7.5975	-65
7.6	-62
7.6025	-59
7.605	-58
7.6075	-51
7.61	-51
7.6125	-49
7.615	-48
7.6175	-41
7.62	-39
7.6225	-34
7.625	-34
7.6275	-33
7.63	-28
7.6325	-28
7.635	-23
7.6375	-17
7.64	-14
7.6425	-14
7.645	-6
7.6475	-5
7.65	-4
7.6525	-6
7.655	0
7.6575	0
7.66	0
7.6625	0
7.665	0
7.6675	0
7.67	5
7.6725	18
7.675	24
7.6775	32
7.68	33
7.6825	37
7.685	39
7.6875	39
7.69	41
7.6925	42
7.695	49
7.6975	49
7.7	50
7.7025	53
7.705	58
7.7075	62
7.71	62
7.7125	68
7.715	66
7.7175	73
7.72	74
7.7225	75
7.725	78
7.7275	77
7.73	83
7.7325	87
7.735	87
7.7375	89
7.74	91
7.7425	93
7.745	99
7.7475	101
7.75	101
7.7525	108
7.755	112
7.7575	114
7.76	115
7.7625	119
7.765	117
7.7675	124
7.77	125
7.7725	126
7.775	133
7.7775	133
7.78	134
7.7825	139
7.785	138
7.7875	144
7.79	148
7.7925	149
7.795	153
7.7975	151
7.8	158
7.8025	160
7.805	162
7.8075	168
7.81	166
7.8125	170
7.815	171
7.8175	173
7.82	176
7.8225	178
7.825	179
7.8275	185
7.83	185
7.8325	186
7.835	187
7.8375	194
7.84	189
7.8425	198
7.845	199
7.8475	199
7.85	203
7.8525	204
7.855	208
7.8575	205
7.86	212
7.8625	215
7.865	215
7.8675	220
7.87	220
7.8725	221
7.875	224
7.8775	228
7.88	228
7.8825	229
7.885	229
7.8875	233
7.89	237
7.8925	237
7.895	237
7.8975	245
7.9	241
7.9025	245
7.905	249
7.9075	246
7.91	250
7.9125	256
7.915	251
7.9175	255
7.92	258
7.9225	261
7.925	262
7.9275	259
7.93	262
7.9325	268
7.935	266
7.9375	267
7.94	270
7.9425	274
7.945	275
7.9475	274
7.95	282
7.9525	275
7.955	283
7.9575	283
7.96	279
7.9625	285
7.965	280
7.9675	287
7.97	287
7.9725	287
7.975	289
7.9775	294
7.98	296
7.9825	291
7.985	298
7.9875	297
7.99	299
7.9925	298
7.995	299
7.9975	300
8	300
8.0025	301
8.005	300
8.0075	304
8.01	304
8.0125	308
8.015	308
8.0175	311
8.02	309
8.0225	312
8.025	309
8.0275	312
8.03	312
8.0325	312
8.035	312
8.0375	314
8.04	314
8.0425	313
8.045	319
8.0475	316
8.05	321
8.0525	314
8.055	316
8.0575	316
8.06	322
8.0625	320
8.065	316
8.0675	320
8.07	318
8.0725	321
8.075	324
8.0775	324
8.08	318
8.0825	324
8.085	324
8.0875	325
8.09	324
8.0925	324
8.095	321
8.0975	321
8.1	324
8.1025	328
8.105	324
8.1075	325
8.11	324
8.1125	323
8.115	320
8.1175	325
8.12	324
8.1225	324
8.125	324
8.1275	321
8.13	324
8.1325	324
8.135	318
8.1375	324
8.14	324
8.1425	324
8.145	317
8.1475	321
8.15	316
8.1525	321
8.155	322
8.1575	320
8.16	320
8.1625	316
8.165	320
8.1675	316
8.17	314
8.1725	320
8.175	314
8.1775	319
8.18	312
8.1825	312
8.185	318
8.1875	312
8.19	312
8.1925	309
8.195	312
8.1975	308
8.2	309
8.2025	308
8.205	308
8.2075	308
8.21	304
8.2125	303
8.215	303
8.2175	300
8.22	299
8.2225	299
8.225	296
8.2275	293
8.23	296
8.2325	292
8.235	295
8.2375	291
8.24	295
8.2425	289
8.245	293
8.2475	287
8.25	287
8.2525	284
8.255	285
8.2575	285
8.26	276
8.2625	277
8.265	275
8.2675	276
8.27	278
8.2725	273
8.275	274
8.2775	270
8.28	272
8.2825	266
8.285	264
8.2875	269
8.29	256
8.2925	261
8.295	255
8.2975	258
8.3	258
8.3025	256
8.305	253
8.3075	256
8.31	243
8.3125	248
8.315	248
8.3175	241
8.32	244
8.3225	240
8.325	237
8.3275	237
8.33	235
8.3325	233
8.335	229
8.3375	225
8.34	228
8.3425	224
8.345	221
8.3475	223
8.35	216
8.3525	212
8.355	218
8.3575	212
8.36	208
8.3625	210
8.365	208
8.3675	203
8.37	200
8.3725	199
8.375	197
8.3775	194
8.38	194
8.3825	187
8.385	184
8.3875	181
8.39	185
8.3925	183
8.395	178
8.3975	178
8.4	173
8.4025	167
8.405	166
8.4075	166
8.41	163
8.4125	161
8.415	154
8.4175	157
8.42	153
8.4225	150
8.425	149
8.4275	142
8.43	141
8.4325	138
8.435	137
8.4375	130
8.44	133
8.4425	133
8.445	128
8.4475	125
8.45	121
8.4525	123
8.455	116
8.4575	115
8.46	112
8.4625	111
8.465	104
8.4675	104
8.47	100
8.4725	99
8.475	96
8.4775	91
8.48	88
8.4825	88
8.485	85
8.4875	83
8.49	82
8.4925	75
8.495	75
8.4975	68
8.5	69
8.5025	69
8.505	62
8.5075	62
8.51	58
8.5125	53
8.515	56
8.5175	50
8.52	46
8.5225	45
8.525	41
8.5275	43
8.53	34
8.5325	30
8.535	33
8.5375	31
8.54	25
8.5425	18
8.545	16
8.5475	15
8.55	12
8.5525	5
8.555	4
8.5575	7
8.56	0
8.5625	0
8.565	0
8.5675	0
8.57	0
8.5725	-1
8.575	-10
8.5775	-19
8.58	-23
8.5825	-32
8.585	-29
8.5875	-36
8.59	-31
8.5925	-37
8.595	-43
8.5975	-39
8.6	-45
8.6025	-49
8.605	-50
8.6075	-56
8.61	-54
8.6125	-60
8.615	-59
8.6175	-65
8.62	-64
8.6225	-69
8.625	-71
8.6275	-74
8.63	-75
8.6325	-78
8.635	-83
8.6375	-87
8.64	-87
8.6425	-87
8.645	-91
8.6475	-95
8.65	-99
8.6525	-100
8.655	-101
8.6575	-104
8.66	-108
8.6625	-112
8.665	-115
8.6675	-116
8.67	-121
8.6725	-121
8.675	-124
8.6775	-125
8.68	-133
8.6825	-133
8.685	-130
8.6875	-137
8.69	-143
8.6925	-144
8.695	-141
8.6975	-149
8.7	-149
8.7025	-156
8.705	-154
8.7075	-158
8.71	-155
8.7125	-162
8.715	-164
8.7175	-164
8.72	-171
8.7225	-174
8.725	-174
8.7275	-178
8.73	-176
8.7325	-183
8.735	-185
8.7375	-187
8.74	-187
8.7425	-190
8.745	-191
8.7475	-195
8.75	-199
8.7525	-199
8.755	-200
8.7575	-206
8.76	-204
8.7625	-204
8.765	-205
8.7675	-212
8.77	-215
8.7725	-214
8.775	-217
8.7775	-223
8.78	-223
8.7825	-225
8.785	-228
8.7875	-228
8.79	-229
8.7925	-233
8.795	-233
8.7975	-237
8.8	-237
8.8025	-240
8.805	-241
8.8075	-239
8.81	-249
8.8125	-249
8.815	-243
8.8175	-256
8.82	-250
8.8225	-258
8.825	-258
8.8275	-258
8.83	-259
8.8325	-262
8.835	-262
8.8375	-269
8.84	-264
8.8425	-266
8.845	-272
8.8475	-272
8.85	-274
8.8525	-274
8.855	-275
8.8575	-281
8.86	-278
8.8625	-280
8.865	-279
8.8675	-280
8.87	-280
8.8725	-286
8.875	-287
8.8775	-287
8.88	-288
8.8825	-290
8.885	-291
8.8875	-295
8.89	-291
8.8925	-296
8.895	-292
8.8975	-296
8.9	-299
8.9025	-300
8.905	-300
8.9075	-303
8.91	-300
8.9125	-301
8.915	-304
8.9175	-303
8.92	-304
8.9225	-308
8.925	-305
8.9275	-311
8.93	-312
8.9325	-312
8.935	-315
8.9375	-312
8.94	-314
8.9425	-312
8.945	-315
8.9475	-315
8.95	-319
8.9525	-316
8.955	-316
8.9575	-320
8.96	-317
8.9625	-322
8.965	-317
8.9675	-317
8.97	-316
8.9725	-317
8.975	-321
8.9775	-318
8.98	-317
8.9825	-323
8.985	-318
8.9875	-324
8.99	-318
8.9925	-324
8.995	-318
8.9975	-324
9	-324
9.0025	-324
9.005	-321
9.0075	-324
9.01	-324
9.0125	-324
9.015	-325
9.0175	-325
9.02	-323
9.0225	-325
9.025	-325
9.0275	-331
9.03	-325
9.0325	-323
9.035	-324
9.0375	-324
9.04	-324
9.0425	-324
9.045	-324
9.0475	-324
9.05	-318
9.0525	-318
9.055	-321
9.0575	-323
9.06	-323
9.0625	-322
9.065	-321
9.0675	-320
9.07	-320
9.0725	-314
9.075	-320
9.0775	-319
9.08	-319
9.0825	-315
9.085	-314
9.0875	-314
9.09	-312
9.0925	-312
9.095	-312
9.0975	-311
9.1	-310
9.1025	-305
9.105	-308
9.1075	-309
9.11	-304
9.1125	-308
9.115	-303
9.1175	-303
9.12	-301
9.1225	-301
9.125	-306
9.1275	-299
9.13	-306
9.1325	-299
9.135	-298
9.1375	-295
9.14	-292
9.1425	-295
9.145	-295
9.1475	-294
9.15	-293
9.1525	-288
9.155	-284
9.1575	-287
9.16	-285
9.1625	-283
9.165	-279
9.1675	-276
9.17	-279
9.1725	-275
9.175	-276
9.1775	-275
9.18	-273
9.1825	-273
9.185	-267
9.1875	-267
9.19	-269
9.1925	-264
9.195	-262
9.1975	-262
9.2	-256
9.2025	-254
9.205	-258
9.2075	-254
9.21	-251
9.2125	-253
9.215	-250
9.2175	-243
9.22	-243
9.2225	-239
9.225	-244
9.2275	-240
9.23	-237
9.2325	-237
9.235	-237
9.2375	-233
9.24	-235
9.2425	-232
9.245	-225
9.2475	-229
9.25	-224
9.2525	-220
9.255	-220
9.2575	-213
9.26	-213
9.2625	-214
9.265	-212
9.2675	-208
9.27	-208
9.2725	-203
9.275	-200
9.2775	-193
9.28	-196
9.2825	-191
9.285	-195
9.2875	-189
9.29	-184
9.2925	-184
9.295	-183
9.2975	-183
9.3	-176
9.3025	-175
9.305	-175
9.3075	-167
9.31	-170
9.3125	-163
9.315	-165
9.3175	-162
9.32	-159
9.3225	-158
9.325	-153
9.3275	-150
9.33	-150
9.3325	-148
9.335	-141
9.3375	-139
9.34	-137
9.3425	-135
9.345	-130
9.3475	-129
9.35	-132
9.3525	-125
9.355	-123
9.3575	-120
9.36	-116
9.3625	-119
9.365	-114
9.3675	-109
9.37	-108
9.3725	-108
9.375	-106
9.3775	-101
9.38	-98
9.3825	-92
9.385	-91
9.3875	-90
9.39	-86
9.3925	-85
9.395	-79
9.3975	-78
9.4	-81
9.4025	-74
9.405	-73
9.4075	-66
9.41	-63
9.4125	-56
9.415	-59
9.4175	-54
9.42	-51
9.4225	-50
9.425	-49
9.4275	-48
9.43	-45
9.4325	-39
9.435	-31
9.4375	-30
9.44	-29
9.4425	-28
9.445	-25
9.4475	-23
9.45	-23
9.4525	-14
9.455	-12
9.4575	-9
9.46	-5
9.4625	-8
9.465	-1
9.4675	0
9.47	0
9.4725	0
9.475	0
9.4775	0
9.48	0
9.4825	8
9.485	14
9.4875	24
9.49	28
9.4925	30
9.495	37
9.4975	37
9.5	39
9.5025	47
9.505	46
9.5075	43
9.51	46
9.5125	56
9.515	51
9.5175	54
9.52	56
9.5225	59
9.525	64
9.5275	66
9.53	71
9.5325	68
9.535	75
9.5375	78
9.54	79
9.5425	80
9.545	86
9.5475	88
9.55	89
9.5525	97
9.555	99
9.5575	99
9.56	100
9.5625	101
9.565	108
9.5675	112
9.57	112
9.5725	113
9.575	116
9.5775	117
9.58	123
9.5825	125
9.585	131
9.5875	133
9.59	133
9.5925	135
9.595	137
9.5975	138
9.6	141
9.6025	146
9.605	148
9.6075	153
9.61	153
9.6125	154
9.615	155
9.6175	162
9.62	164
9.6225	164
9.625	170
9.6275	167
9.63	173
9.6325	174
9.635	178
9.6375	179
9.64	180
9.6425	180
9.645	184
9.6475	187
9.65	194
9.6525	195
9.655	197
9.6575	199
9.66	199
9.6625	201
9.665	202
9.6675	208
9.67	208
9.6725	212
9.675	212
9.6775	215
9.68	216
9.6825	222
9.685	217
9.6875	224
9.69	225
9.6925	225
9.695	228
9.6975	229
9.7	229
9.7025	237
9.705	237
9.7075	237
9.71	241
9.7125	241
9.715	246
9.7175	246
9.72	248
9.7225	250
9.725	250
9.7275	251
9.73	258
9.7325	258
9.735	260
9.7375	262
9.74	262
9.7425	265
9.745	268
9.7475	269
9.75	273
9.7525	266
9.755	274
9.7575	275
9.76	274
9.7625	276
9.765	276
9.7675	282
9.77	282
9.7725	279
9.775	286
9.7775	283
9.78	287
9.7825	287
9.785	287
9.7875	293
9.79	288
9.7925	291
9.795	295
9.7975	293
9.8	291
9.8025	298
9.805	298
9.8075	299
9.81	300
9.8125	300
9.815	301
9.8175	303
9.82	308
9.8225	308
9.825	310
9.8275	308
9.83	306
9.8325	305
9.835	311
9.8375	309
9.84	312
9.8425	312
9.845	312
9.8475	315
9.85	312
9.8525	316
9.855	313
9.8575	316
9.86	314
9.8625	316
9.865	320
9.8675	316
9.87	320
9.8725	316
9.875	316
9.8775	322
9.88	320
9.8825	321
9.885	317
9.8875	324
9.89	321
9.8925	324
9.895	324
9.8975	324
9.9	324
9.9025	324
9.905	318
9.9075	324
9.91	324
9.9125	324
9.915	325
9.9175	325
9.92	326
9.9225	324
9.925	325
9.9275	324
9.93	325
9.9325	321
9.935	324
9.9375	324
9.94	324
9.9425	324
9.945	324
9.9475	318
9.95	321
9.9525	323
9.955	324
9.9575	321
9.96	324
9.9625	322
9.965	323
9.9675	316
9.97	320
9.9725	319
9.975	316
9.9775	320
9.98	319
9.9825	314
9.985	319
9.9875	316
9.99	315
9.9925	313
9.995	312
9.9975	312
10	310
10.0025	306
10.005	312
10.0075	312
10.01	311
10.0125	311
10.015	304
10.0175	304
10.02	308
10.0225	304
10.025	303
10.0275	301
10.03	300
10.0325	299
10.035	299
10.0375	296
10.04	298
10.0425	292
10.045	296
10.0475	292
10.05	294
10.0525	294
10.055	293
10.0575	288
10.06	287
10.0625	287
10.065	280
10.0675	280
10.07	283
10.0725	278
10.075	278
10.0775	281
10.08	278
10.0825	275
10.085	274
10.0875	274
10.09	267
10.0925	270
10.095	264
10.0975	264
10.1	264
10.1025	261
10.105	262
10.1075	260
10.11	260
10.1125	254
10.115	251
10.1175	250
10.12	253
10.1225	249
10.125	249
10.1275	245
10.13	241
10.1325	239
10.135	238
10.1375	237
10.14	234
10.1425	230
10.145	229
10.1475	228
10.15	225
10.1525	225
10.155	221
10.1575	217
10.16	221
10.1625	220
10.165	213
10.1675	218
10.17	206
10.1725	208
10.175	204
10.1775	203
10.18	206
10.1825	198
10.185	193
10.1875	196
10.19	191
10.1925	190
10.195	187
10.1975	180
10.2	185
10.2025	183
10.205	178
10.2075	175
10.21	175
10.2125	174
10.215	166
10.2175	166
10.22	169
10.2225	162
10.225	162
10.2275	154
10.23	158
10.2325	150
10.235	150
10.2375	143
	
