#1
double n1(4096,2)   # comment line
0	0
0.0025	0
0.005	0
0.0075	0
0.01	0
0.0125	0
0.015	0
0.0175	0
0.02	0
0.0225	0
0.025	0
0.0275	0
0.03	0
0.0325	0
0.035	0
0.0375	0
0.04	0
0.0425	0
0.045	0
0.0475	0
0.05	0
0.0525	0
0.055	0
0.0575	0
0.06	0
0.0625	0
0.065	0
0.0675	0
0.07	0
0.0725	0
0.075	0
0.0775	0
0.08	0
0.0825	0
0.085	0
0.0875	0
0.09	0
0.0925	0
0.095	0
0.0975	0
0.1	0
0.1025	0
0.105	0
0.1075	0
0.11	0
0.1125	0
0.115	0
0.1175	0
0.12	0
0.1225	0
0.125	0
0.1275	0
0.13	1
0.1325	0
0.135	0
0.1375	0
0.14	0
0.1425	1
0.145	0
0.1475	1
0.15	0
0.1525	0
0.155	0
0.1575	0
0.16	0
0.1625	0
0.165	0
0.1675	0
0.17	6
0.1725	0
0.175	0
0.1775	0
0.18	0
0.1825	0
0.185	0
0.1875	0
0.19	0
0.1925	0
0.195	0
0.1975	0
0.2	0
0.2025	0
0.205	0
0.2075	0
0.21	0
0.2125	0
0.215	0
0.2175	0
0.22	0
0.2225	0
0.225	0
0.2275	0
0.23	0
0.2325	-3
0.235	0
0.2375	0
0.24	0
0.2425	0
0.245	0
0.2475	0
0.25	0
0.2525	0
0.255	0
0.2575	0
0.26	0
0.2625	0
0.265	0
0.2675	0
0.27	0
0.2725	1
0.275	0
0.2775	0
0.28	0
0.2825	0
0.285	0
0.2875	0
0.29	0
0.2925	0
0.295	0
0.2975	0
0.3	0
0.3025	0
0.305	0
0.3075	0
0.31	0
0.3125	3
0.315	0
0.3175	0
0.32	-1
0.3225	0
0.325	0
0.3275	0
0.33	0
0.3325	0
0.335	0
0.3375	0
0.34	0
0.3425	0
0.345	0
0.3475	0
0.35	0
0.3525	0
0.355	0
0.3575	6
0.36	0
0.3625	0
0.365	0
0.3675	0
0.37	0
0.3725	0
0.375	0
0.3775	0
0.38	6
0.3825	0
0.385	0
0.3875	0
0.39	0
0.3925	0
0.395	0
0.3975	0
0.4	0
0.4025	0
0.405	0
0.4075	0
0.41	1
0.4125	0
0.415	0
0.4175	0
0.42	0
0.4225	0
0.425	0
0.4275	0
0.43	6
0.4325	0
0.435	0
0.4375	0
0.44	1
0.4425	3
0.445	0
0.4475	0
0.45	3
0.4525	6
0.455	0
0.4575	0
0.46	0
0.4625	0
0.465	6
0.4675	0
0.47	0
0.4725	0
0.475	1
0.4775	0
0.48	0
0.4825	6
0.485	3
0.4875	0
0.49	1
0.4925	6
0.495	0
0.4975	0
0.5	3
0.5025	0
0.505	0
0.5075	0
0.51	6
0.5125	0
0.515	1
0.5175	0
0.52	0
0.5225	1
0.525	0
0.5275	6
0.53	0
0.5325	6
0.535	0
0.5375	7
0.54	1
0.5425	0
0.545	6
0.5475	0
0.55	1
0.5525	3
0.555	3
0.5575	6
0.56	1
0.5625	3
0.565	0
0.5675	0
0.57	6
0.5725	3
0.575	1
0.5775	1
0.58	3
0.5825	0
0.585	3
0.5875	0
0.59	7
0.5925	6
0.595	1
0.5975	1
0.6	7
0.6025	1
0.605	4
0.6075	3
0.61	0
0.6125	3
0.615	1
0.6175	1
0.62	1
0.6225	3
0.625	3
0.6275	1
0.63	4
0.6325	8
0.635	8
0.6375	3
0.64	2
0.6425	8
0.645	4
0.6475	8
0.65	3
0.6525	4
0.655	8
0.6575	3
0.66	8
0.6625	2
0.665	4
0.6675	4
0.67	8
0.6725	4
0.675	8
0.6775	8
0.68	8
0.6825	8
0.685	10
0.6875	2
0.69	10
0.6925	8
0.695	4
0.6975	8
0.7	8
0.7025	10
0.705	4
0.7075	9
0.71	2
0.7125	9
0.715	8
0.7175	11
0.72	4
0.7225	11
0.725	8
0.7275	10
0.73	8
0.7325	5
0.735	10
0.7375	5
0.74	8
0.7425	9
0.745	8
0.7475	5
0.75	11
0.7525	5
0.755	10
0.7575	11
0.76	11
0.7625	10
0.765	9
0.7675	11
0.77	11
0.7725	11
0.775	11
0.7775	10
0.78	10
0.7825	9
0.785	11
0.7875	12
0.79	12
0.7925	9
0.795	12
0.7975	10
0.8	12
0.8025	9
0.805	10
0.8075	12
0.81	12
0.8125	12
0.815	6
0.8175	15
0.82	12
0.8225	12
0.825	12
0.8275	10
0.83	12
0.8325	12
0.835	12
0.8375	12
0.84	9
0.8425	12
0.845	12
0.8475	12
0.85	18
0.8525	15
0.855	12
0.8575	12
0.86	12
0.8625	13
0.865	13
0.8675	12
0.87	12
0.8725	14
0.875	15
0.8775	18
0.88	14
0.8825	13
0.885	14
0.8875	15
0.89	15
0.8925	13
0.895	16
0.8975	19
0.9	13
0.9025	14
0.905	18
0.9075	16
0.91	15
0.9125	15
0.915	14
0.9175	19
0.92	14
0.9225	14
0.925	16
0.9275	14
0.93	16
0.9325	14
0.935	20
0.9375	16
0.94	16
0.9425	20
0.945	16
0.9475	20
0.95	20
0.9525	16
0.955	22
0.9575	20
0.96	22
0.9625	22
0.965	17
0.9675	22
0.97	22
0.9725	21
0.975	21
0.9775	17
0.98	21
0.9825	24
0.985	23
0.9875	23
0.99	17
0.9925	21
0.995	23
0.9975	24
1	21
1.0025	24
1.005	24
1.0075	24
1.01	24
1.0125	24
1.015	24
1.0175	24
1.02	24
1.0225	21
1.025	24
1.0275	21
1.03	24
1.0325	25
1.035	25
1.0375	27
1.04	25
1.0425	25
1.045	25
1.0475	25
1.05	25
1.0525	25
1.055	25
1.0575	25
1.06	25
1.0625	25
1.065	26
1.0675	26
1.07	28
1.0725	28
1.075	28
1.0775	28
1.08	31
1.0825	26
1.085	26
1.0875	32
1.09	31
1.0925	29
1.095	26
1.0975	33
1.1	32
1.1025	29
1.105	29
1.1075	29
1.11	33
1.1125	29
1.115	33
1.1175	33
1.12	29
1.1225	35
1.125	29
1.1275	30
1.13	33
1.1325	33
1.135	29
1.1375	33
1.14	35
1.1425	36
1.145	36
1.1475	34
1.15	35
1.1525	35
1.155	37
1.1575	37
1.16	37
1.1625	34
1.165	31
1.1675	37
1.17	37
1.1725	37
1.175	37
1.1775	37
1.18	38
1.1825	38
1.185	38
1.1875	37
1.19	37
1.1925	39
1.195	38
1.1975	37
1.2	37
1.2025	38
1.205	43
1.2075	38
1.21	39
1.2125	39
1.215	44
1.2175	39
1.22	44
1.2225	41
1.225	41
1.2275	45
1.23	41
1.2325	39
1.235	45
1.2375	44
1.24	42
1.2425	45
1.245	42
1.2475	45
1.25	45
1.2525	45
1.255	41
1.2575	42
1.26	48
1.2625	46
1.265	46
1.2675	48
1.27	49
1.2725	48
1.275	48
1.2775	48
1.28	49
1.2825	46
1.285	49
1.2875	49
1.29	49
1.2925	53
1.295	49
1.2975	50
1.3	50
1.3025	50
1.305	50
1.3075	56
1.31	50
1.3125	50
1.315	57
1.3175	50
1.32	54
1.3225	56
1.325	58
1.3275	53
1.33	53
1.3325	57
1.335	50
1.3375	58
1.34	53
1.3425	58
1.345	57
1.3475	55
1.35	53
1.3525	60
1.355	58
1.3575	60
1.36	60
1.3625	55
1.365	55
1.3675	55
1.37	55
1.3725	55
1.375	60
1.3775	55
1.38	62
1.3825	61
1.385	62
1.3875	62
1.39	62
1.3925	62
1.395	62
1.3975	62
1.4	60
1.4025	64
1.405	62
1.4075	62
1.41	65
1.4125	65
1.415	64
1.4175	62
1.42	63
1.4225	68
1.425	66
1.4275	64
1.43	69
1.4325	66
1.435	69
1.4375	66
1.44	66
1.4425	70
1.445	66
1.4475	64
1.45	67
1.4525	70
1.455	66
1.4575	71
1.46	71
1.4625	71
1.465	73
1.4675	74
1.47	73
1.4725	68
1.475	68
1.4775	74
1.48	74
1.4825	74
1.485	71
1.4875	74
1.49	75
1.4925	71
1.495	75
1.4975	74
1.5	75
1.5025	74
1.505	78
1.5075	75
1.51	76
1.5125	75
1.515	78
1.5175	82
1.52	78
1.5225	83
1.525	75
1.5275	79
1.53	78
1.5325	83
1.535	83
1.5375	85
1.54	83
1.5425	83
1.545	83
1.5475	80
1.55	83
1.5525	79
1.555	81
1.5575	83
1.56	85
1.5625	86
1.565	87
1.5675	86
1.57	87
1.5725	87
1.575	85
1.5775	89
1.58	87
1.5825	93
1.585	86
1.5875	94
1.59	87
1.5925	94
1.595	87
1.5975	87
1.6	89
1.6025	93
1.605	94
1.6075	89
1.61	89
1.6125	90
1.615	91
1.6175	90
1.62	95
1.6225	94
1.625	91
1.6275	91
1.63	91
1.6325	92
1.635	89
1.6375	93
1.64	95
1.6425	96
1.645	96
1.6475	98
1.65	98
1.6525	99
1.655	96
1.6575	93
1.66	100
1.6625	96
1.665	100
1.6675	99
1.67	100
1.6725	100
1.675	100
1.6775	106
1.68	99
1.6825	101
1.685	100
1.6875	103
1.69	101
1.6925	103
1.695	101
1.6975	100
1.7	103
1.7025	103
1.705	102
1.7075	107
1.71	108
1.7125	107
1.715	105
1.7175	107
1.72	108
1.7225	108
1.725	110
1.7275	110
1.73	110
1.7325	110
1.735	105
1.7375	110
1.74	109
1.7425	109
1.745	109
1.7475	106
1.75	109
1.7525	109
1.755	112
1.7575	112
1.76	112
1.7625	112
1.765	114
1.7675	112
1.77	116
1.7725	114
1.775	115
1.7775	112
1.78	120
1.7825	115
1.785	119
1.7875	119
1.79	116
1.7925	119
1.795	116
1.7975	116
1.8	116
1.8025	122
1.805	114
1.8075	116
1.81	120
1.8125	124
1.815	120
1.8175	123
1.82	117
1.8225	123
1.825	121
1.8275	124
1.83	124
1.8325	118
1.835	124
1.8375	124
1.84	131
1.8425	118
1.845	131
1.8475	124
1.85	126
1.8525	125
1.855	125
1.8575	125
1.86	128
1.8625	128
1.865	125
1.8675	129
1.87	125
1.8725	128
1.875	125
1.8775	132
1.88	126
1.8825	126
1.885	129
1.8875	128
1.89	135
1.8925	128
1.895	133
1.8975	132
1.9	133
1.9025	129
1.905	133
1.9075	129
1.91	129
1.9125	131
1.915	129
1.9175	137
1.92	133
1.9225	134
1.925	130
1.9275	135
1.93	137
1.9325	133
1.935	137
1.9375	133
1.94	137
1.9425	137
1.945	137
1.9475	137
1.95	137
1.9525	136
1.955	137
1.9575	137
1.96	143
1.9625	140
1.965	137
1.9675	144
1.97	137
1.9725	144
1.975	138
1.9775	140
1.98	144
1.9825	138
1.985	141
1.9875	137
1.99	149
1.9925	137
1.995	148
1.9975	137
2	146
2.0025	141
2.005	144
2.0075	146
2.01	137
2.0125	149
2.015	139
2.0175	148
2.02	141
2.0225	142
2.025	142
2.0275	141
2.03	149
2.0325	145
2.035	149
2.0375	141
2.04	146
2.0425	146
2.045	148
2.0475	146
2.05	149
2.0525	149
2.055	142
2.0575	149
2.06	149
2.0625	148
2.065	149
2.0675	149
2.07	150
2.0725	146
2.075	146
2.0775	150
2.08	146
2.0825	150
2.085	149
2.0875	150
2.09	149
2.0925	151
2.095	150
2.0975	150
2.1	150
2.1025	149
2.105	156
2.1075	149
2.11	151
2.1125	149
2.115	157
2.1175	150
2.12	150
2.1225	150
2.125	156
2.1275	157
2.13	149
2.1325	157
2.135	150
2.1375	153
2.14	150
2.1425	158
2.145	150
2.1475	151
2.15	154
2.1525	149
2.155	154
2.1575	146
2.16	160
2.1625	143
2.165	158
2.1675	150
2.17	153
2.1725	154
2.175	150
2.1775	158
2.18	150
2.1825	158
2.185	150
2.1875	155
2.19	156
2.1925	161
2.195	151
2.1975	158
2.2	158
2.2025	153
2.205	154
2.2075	150
2.21	158
2.2125	150
2.215	160
2.2175	151
2.22	153
2.2225	151
2.225	154
2.2275	153
2.23	151
2.2325	154
2.235	151
2.2375	160
2.24	156
2.2425	154
2.245	153
2.2475	158
2.25	153
2.2525	154
2.255	154
2.2575	151
2.26	158
2.2625	151
2.265	158
2.2675	151
2.27	154
2.2725	151
2.275	156
2.2775	154
2.28	153
2.2825	158
2.285	150
2.2875	158
2.29	156
2.2925	158
2.295	153
2.2975	151
2.3	158
2.3025	150
2.305	154
2.3075	143
2.31	155
2.3125	150
2.315	154
2.3175	151
2.32	149
2.3225	158
2.325	143
2.3275	155
2.33	142
2.3325	160
2.335	146
2.3375	158
2.34	150
2.3425	151
2.345	150
2.3475	146
2.35	152
2.3525	146
2.355	154
2.3575	145
2.36	153
2.3625	148
2.365	149
2.3675	150
2.37	142
2.3725	150
2.375	139
2.3775	153
2.38	144
2.3825	150
2.385	146
2.3875	149
2.39	149
2.3925	147
2.395	150
2.3975	139
2.4	151
2.4025	138
2.405	149
2.4075	141
2.41	146
2.4125	145
2.415	147
2.4175	143
2.42	137
2.4225	150
2.425	136
2.4275	149
2.43	136
2.4325	148
2.435	144
2.4375	145
2.44	145
2.4425	130
2.445	149
2.4475	135
2.45	145
2.4525	134
2.455	144
2.4575	137
2.46	137
2.4625	139
2.465	129
2.4675	144
2.47	129
2.4725	139
2.475	133
2.4775	137
2.48	130
2.4825	136
2.485	137
2.4875	132
2.49	137
2.4925	126
2.495	137
2.4975	125
2.5	134
2.5025	128
2.505	128
2.5075	133
2.51	129
2.5125	135
2.515	124
2.5175	129
2.52	118
2.5225	133
2.525	125
2.5275	128
2.53	131
2.5325	123
2.535	128
2.5375	120
2.54	128
2.5425	120
2.545	124
2.5475	117
2.55	124
2.5525	121
2.555	114
2.5575	121
2.56	113
2.5625	124
2.565	114
2.5675	120
2.57	112
2.5725	114
2.575	114
2.5775	112
2.58	116
2.5825	108
2.585	116
2.5875	105
2.59	115
2.5925	105
2.595	112
2.5975	109
2.6	108
2.6025	112
2.605	103
2.6075	110
2.61	100
2.6125	110
2.615	100
2.6175	103
2.62	101
2.6225	99
2.625	107
2.6275	97
2.63	103
2.6325	92
2.635	99
2.6375	98
2.64	93
2.6425	96
2.645	95
2.6475	92
2.65	93
2.6525	95
2.655	87
2.6575	91
2.66	87
2.6625	90
2.665	87
2.6675	81
2.67	87
2.6725	83
2.675	87
2.6775	79
2.68	85
2.6825	77
2.685	83
2.6875	77
2.69	75
2.6925	76
2.695	78
2.6975	75
2.7	75
2.7025	75
2.705	73
2.7075	71
2.71	73
2.7125	71
2.715	71
2.7175	67
2.72	70
2.7225	66
2.725	64
2.7275	66
2.73	63
2.7325	64
2.735	62
2.7375	62
2.74	62
2.7425	56
2.745	60
2.7475	55
2.75	54
2.7525	55
2.755	58
2.7575	54
2.76	53
2.7625	53
2.765	50
2.7675	51
2.77	51
2.7725	46
2.775	49
2.7775	48
2.78	49
2.7825	49
2.785	46
2.7875	42
2.79	44
2.7925	45
2.795	39
2.7975	44
2.8	39
2.8025	38
2.805	37
2.8075	35
2.81	37
2.8125	30
2.815	30
2.8175	35
2.82	29
2.8225	33
2.825	29
2.8275	28
2.83	26
2.8325	26
2.835	28
2.8375	25
2.84	24
2.8425	18
2.845	20
2.8475	21
2.85	23
2.8525	17
2.855	20
2.8575	20
2.86	16
2.8625	16
2.865	16
2.8675	12
2.87	12
2.8725	12
2.875	12
2.8775	12
2.88	12
2.8825	11
2.885	10
2.8875	4
2.89	4
2.8925	2
2.895	3
2.8975	1
2.9	3
2.9025	1
2.905	3
2.9075	0
2.91	0
2.9125	-6
2.915	-13
2.9175	-8
2.92	-6
2.9225	-3
2.925	-10
2.9275	-8
2.93	-5
2.9325	-5
2.935	-12
2.9375	-12
2.94	-13
2.9425	-18
2.945	-12
2.9475	-15
2.95	-14
2.9525	-19
2.955	-14
2.9575	-16
2.96	-22
2.9625	-21
2.965	-23
2.9675	-24
2.97	-21
2.9725	-24
2.975	-28
2.9775	-28
2.98	-28
2.9825	-32
2.985	-26
2.9875	-32
2.99	-33
2.9925	-29
2.995	-30
2.9975	-30
3	-36
3.0025	-36
3.005	-37
3.0075	-37
3.01	-37
3.0125	-37
3.015	-40
3.0175	-40
3.02	-41
3.0225	-41
3.025	-45
3.0275	-45
3.03	-46
3.0325	-46
3.035	-48
3.0375	-49
3.04	-49
3.0425	-56
3.045	-50
3.0475	-50
3.05	-50
3.0525	-53
3.055	-53
3.0575	-53
3.06	-54
3.0625	-58
3.065	-58
3.0675	-61
3.07	-55
3.0725	-56
3.075	-62
3.0775	-62
3.08	-62
3.0825	-62
3.085	-64
3.0875	-69
3.09	-66
3.0925	-70
3.095	-66
3.0975	-67
3.1	-70
3.1025	-71
3.105	-73
3.1075	-74
3.11	-71
3.1125	-75
3.115	-74
3.1175	-78
3.12	-75
3.1225	-75
3.125	-78
3.1275	-75
3.13	-79
3.1325	-78
3.135	-83
3.1375	-80
3.14	-86
3.1425	-84
3.145	-87
3.1475	-85
3.15	-84
3.1525	-93
3.155	-87
3.1575	-90
3.16	-88
3.1625	-90
3.165	-91
3.1675	-91
3.17	-91
3.1725	-92
3.175	-96
3.1775	-96
3.18	-99
3.1825	-99
3.185	-93
3.1875	-99
3.19	-100
3.1925	-100
3.195	-100
3.1975	-101
3.2	-101
3.2025	-107
3.205	-104
3.2075	-107
3.21	-104
3.2125	-108
3.215	-111
3.2175	-108
3.22	-110
3.2225	-106
3.225	-112
3.2275	-112
3.23	-112
3.2325	-112
3.235	-118
3.2375	-114
3.24	-114
3.2425	-113
3.245	-114
3.2475	-114
3.25	-120
3.2525	-116
3.255	-121
3.2575	-120
3.26	-124
3.2625	-118
3.265	-123
3.2675	-124
3.27	-123
3.2725	-128
3.275	-125
3.2775	-128
3.28	-128
3.2825	-125
3.285	-125
3.2875	-128
3.29	-133
3.2925	-127
3.295	-133
3.2975	-129
3.3	-133
3.3025	-133
3.305	-133
3.3075	-130
3.31	-135
3.3125	-136
3.315	-137
3.3175	-139
3.32	-137
3.3225	-138
3.325	-137
3.3275	-138
3.33	-139
3.3325	-138
3.335	-139
3.3375	-144
3.34	-141
3.3425	-145
3.345	-141
3.3475	-141
3.35	-148
3.3525	-146
3.355	-146
3.3575	-146
3.36	-146
3.3625	-149
3.365	-149
3.3675	-149
3.37	-149
3.3725	-150
3.375	-150
3.3775	-150
3.38	-150
3.3825	-150
3.385	-153
3.3875	-150
3.39	-158
3.3925	-151
3.395	-158
3.3975	-157
3.4	-154
3.4025	-155
3.405	-158
3.4075	-159
3.41	-155
3.4125	-160
3.415	-154
3.4175	-162
3.42	-161
3.4225	-162
3.425	-162
3.4275	-161
3.43	-162
3.4325	-159
3.435	-164
3.4375	-162
3.44	-162
3.4425	-162
3.445	-162
3.4475	-163
3.45	-163
3.4525	-169
3.455	-165
3.4575	-172
3.46	-162
3.4625	-170
3.465	-170
3.4675	-170
3.47	-171
3.4725	-170
3.475	-168
3.4775	-169
3.48	-174
3.4825	-170
3.485	-168
3.4875	-167
3.49	-168
3.4925	-174
3.495	-167
3.4975	-181
3.5	-167
3.5025	-174
3.505	-174
3.5075	-175
3.51	-175
3.5125	-174
3.515	-175
3.5175	-172
3.52	-175
3.5225	-175
3.525	-183
3.5275	-175
3.53	-178
3.5325	-175
3.535	-181
3.5375	-176
3.54	-175
3.5425	-183
3.545	-178
3.5475	-180
3.55	-176
3.5525	-185
3.555	-176
3.5575	-178
3.56	-179
3.5625	-183
3.565	-183
3.5675	-175
3.57	-184
3.5725	-182
3.575	-186
3.5775	-177
3.58	-185
3.5825	-185
3.585	-183
3.5875	-187
3.59	-177
3.5925	-187
3.595	-179
3.5975	-184
3.6	-177
3.6025	-185
3.605	-185
3.6075	-183
3.61	-181
3.6125	-179
3.615	-187
3.6175	-179
3.62	-190
3.6225	-179
3.625	-187
3.6275	-186
3.63	-186
3.6325	-187
3.635	-183
3.6375	-190
3.64	-179
3.6425	-194
3.645	-186
3.6475	-193
3.65	-184
3.6525	-185
3.655	-188
3.6575	-186
3.66	-189
3.6625	-179
3.665	-194
3.6675	-180
3.67	-187
3.6725	-186
3.675	-186
3.6775	-194
3.68	-184
3.6825	-189
3.685	-183
3.6875	-191
3.69	-184
3.6925	-190
3.695	-183
3.6975	-192
3.7	-189
3.7025	-185
3.705	-191
3.7075	-179
3.71	-195
3.7125	-184
3.715	-194
3.7175	-181
3.72	-184
3.7225	-188
3.725	-183
3.7275	-195
3.73	-183
3.7325	-195
3.735	-182
3.7375	-194
3.74	-186
3.7425	-187
3.745	-187
3.7475	-186
3.75	-191
3.7525	-179
3.755	-194
3.7575	-183
3.76	-189
3.7625	-180
3.765	-187
3.7675	-187
3.77	-183
3.7725	-187
3.775	-176
3.7775	-194
3.78	-182
3.7825	-187
3.785	-183
3.7875	-186
3.79	-181
3.7925	-183
3.795	-187
3.7975	-181
3.8	-190
3.8025	-178
3.805	-187
3.8075	-183
3.81	-186
3.8125	-183
3.815	-182
3.8175	-184
3.82	-175
3.8225	-187
3.825	-176
3.8275	-186
3.83	-176
3.8325	-185
3.835	-182
3.8375	-178
3.84	-180
3.8425	-175
3.845	-180
3.8475	-168
3.85	-184
3.8525	-172
3.855	-179
3.8575	-175
3.86	-174
3.8625	-179
3.865	-167
3.8675	-179
3.87	-172
3.8725	-179
3.875	-170
3.8775	-178
3.88	-174
3.8825	-174
3.885	-175
3.8875	-166
3.89	-176
3.8925	-163
3.895	-178
3.8975	-164
3.9	-174
3.9025	-170
3.905	-171
3.9075	-173
3.91	-164
3.9125	-175
3.915	-168
3.9175	-178
3.92	-162
3.9225	-174
3.925	-166
3.9275	-167
3.93	-166
3.9325	-162
3.935	-167
3.9375	-160
3.94	-171
3.9425	-154
3.945	-167
3.9475	-155
3.95	-169
3.9525	-156
3.955	-160
3.9575	-164
3.96	-154
3.9625	-163
3.965	-151
3.9675	-164
3.97	-158
3.9725	-161
3.975	-159
3.9775	-158
3.98	-162
3.9825	-150
3.985	-162
3.9875	-147
3.99	-162
3.9925	-151
3.995	-158
3.9975	-153
4	-156
4.0025	-154
4.005	-142
4.0075	-155
4.01	-147
4.0125	-154
4.015	-148
4.0175	-156
4.02	-150
4.0225	-146
4.025	-150
4.0275	-139
4.03	-153
4.0325	-138
4.035	-150
4.0375	-144
4.04	-149
4.0425	-144
4.045	-141
4.0475	-141
4.05	-137
4.0525	-143
4.055	-134
4.0575	-142
4.06	-130
4.0625	-139
4.065	-136
4.0675	-143
4.07	-137
4.0725	-134
4.075	-139
4.0775	-125
4.08	-140
4.0825	-128
4.085	-137
4.0875	-129
4.09	-130
4.0925	-133
4.095	-126
4.0975	-133
4.1	-125
4.1025	-133
4.105	-123
4.1075	-133
4.11	-125
4.1125	-124
4.115	-125
4.1175	-123
4.12	-131
4.1225	-116
4.125	-125
4.1275	-114
4.13	-124
4.1325	-114
4.135	-121
4.1375	-116
4.14	-115
4.1425	-116
4.145	-112
4.1475	-121
4.15	-108
4.1525	-120
4.155	-108
4.1575	-113
4.16	-110
4.1625	-111
4.165	-109
4.1675	-104
4.17	-112
4.1725	-103
4.175	-112
4.1775	-103
4.18	-108
4.1825	-101
4.185	-100
4.1875	-108
4.19	-99
4.1925	-104
4.195	-99
4.1975	-107
4.2	-91
4.2025	-103
4.205	-96
4.2075	-93
4.21	-96
4.2125	-91
4.215	-99
4.2175	-88
4.22	-96
4.2225	-87
4.225	-95
4.2275	-87
4.23	-88
4.2325	-87
4.235	-81
4.2375	-88
4.24	-85
4.2425	-87
4.245	-83
4.2475	-87
4.25	-79
4.2525	-80
4.255	-79
4.2575	-76
4.26	-83
4.2625	-75
4.265	-79
4.2675	-75
4.27	-76
4.2725	-75
4.275	-81
4.2775	-73
4.28	-74
4.2825	-74
4.285	-64
4.2875	-74
4.29	-66
4.2925	-71
4.295	-69
4.2975	-66
4.3	-64
4.3025	-65
4.305	-65
4.3075	-62
4.31	-64
4.3125	-59
4.315	-62
4.3175	-54
4.32	-62
4.3225	-54
4.325	-55
4.3275	-54
4.33	-58
4.3325	-58
4.335	-56
4.3375	-50
4.34	-50
4.3425	-50
4.345	-49
4.3475	-50
4.35	-43
4.3525	-49
4.355	-42
4.3575	-47
4.36	-45
4.3625	-45
4.365	-39
4.3675	-44
4.37	-38
4.3725	-37
4.375	-37
4.3775	-38
4.38	-34
4.3825	-37
4.385	-35
4.3875	-34
4.39	-29
4.3925	-29
4.395	-33
4.3975	-33
4.4	-32
4.4025	-25
4.405	-28
4.4075	-25
4.41	-31
4.4125	-22
4.415	-24
4.4175	-21
4.42	-24
4.4225	-21
4.425	-22
4.4275	-16
4.43	-16
4.4325	-20
4.435	-16
4.4375	-14
4.44	-14
4.4425	-12
4.445	-12
4.4475	-10
4.45	-11
4.4525	-10
4.455	-9
4.4575	-5
4.46	-3
4.4625	-5
4.465	-7
4.4675	-8
4.47	0
4.4725	-6
4.475	-3
4.4775	0
4.48	0
4.4825	0
4.485	0
4.4875	12
4.49	3
4.4925	12
4.495	4
4.4975	12
4.5	8
4.5025	11
4.505	8
4.5075	11
4.51	12
4.5125	12
4.515	12
4.5175	13
4.52	13
4.5225	19
4.525	16
4.5275	16
4.53	16
4.5325	20
4.535	23
4.5375	17
4.54	21
4.5425	24
4.545	24
4.5475	25
4.55	25
4.5525	28
4.555	32
4.5575	28
4.56	29
4.5625	29
4.565	33
4.5675	33
4.57	37
4.5725	36
4.575	37
4.5775	37
4.58	37
4.5825	37
4.585	37
4.5875	44
4.59	38
4.5925	41
4.595	41
4.5975	46
4.6	45
4.6025	46
4.605	48
4.6075	43
4.61	46
4.6125	49
4.615	56
4.6175	51
4.62	50
4.6225	53
4.625	54
4.6275	51
4.63	54
4.6325	54
4.635	55
4.6375	58
4.64	59
4.6425	62
4.645	60
4.6475	65
4.65	68
4.6525	62
4.655	64
4.6575	63
4.66	69
4.6625	66
4.665	66
4.6675	65
4.67	66
4.6725	67
4.675	71
4.6775	73
4.68	74
4.6825	75
4.685	74
4.6875	78
4.69	75
4.6925	76
4.695	76
4.6975	78
4.7	79
4.7025	83
4.705	80
4.7075	79
4.71	85
4.7125	80
4.715	85
4.7175	87
4.72	87
4.7225	87
4.725	88
4.7275	90
4.73	89
4.7325	94
4.735	89
4.7375	91
4.74	92
4.7425	95
4.745	92
4.7475	95
4.75	99
4.7525	96
4.755	99
4.7575	93
4.76	100
4.7625	100
4.765	100
4.7675	100
4.77	106
4.7725	107
4.775	103
4.7775	108
4.78	104
4.7825	105
4.785	108
4.7875	108
4.79	112
4.7925	109
4.795	112
4.7975	109
4.8	112
4.8025	112
4.805	112
4.8075	112
4.81	118
4.8125	115
4.815	119
4.8175	120
4.82	120
4.8225	121
4.825	114
4.8275	117
4.83	117
4.8325	124
4.835	123
4.8375	123
4.84	124
4.8425	124
4.845	125
4.8475	124
4.85	131
4.8525	128
4.855	126
4.8575	127
4.86	131
4.8625	133
4.865	127
4.8675	129
4.87	133
4.8725	130
4.875	129
4.8775	134
4.88	135
4.8825	137
4.885	131
4.8875	137
4.89	137
4.8925	137
4.895	139
4.8975	137
4.9	141
4.9025	138
4.905	144
4.9075	144
4.91	144
4.9125	141
4.915	145
4.9175	147
4.92	145
4.9225	146
4.925	143
4.9275	149
4.93	143
4.9325	149
4.935	146
4.9375	149
4.94	149
4.9425	150
4.945	150
4.9475	150
4.95	150
4.9525	157
4.955	150
4.9575	157
4.96	153
4.9625	151
4.965	154
4.9675	151
4.97	158
4.9725	151
4.975	156
4.9775	156
4.98	162
4.9825	154
4.985	162
4.9875	158
4.99	161
4.9925	161
4.995	155
4.9975	163
5	154
5.0025	163
5.005	155
5.0075	170
5.01	156
5.0125	166
5.015	162
5.0175	163
5.02	163
5.0225	163
5.025	170
5.0275	168
5.03	167
5.0325	162
5.035	168
5.0375	166
5.04	167
5.0425	164
5.045	170
5.0475	168
5.05	170
5.0525	168
5.055	170
5.0575	175
5.06	170
5.0625	175
5.065	171
5.0675	175
5.07	168
5.0725	171
5.075	175
5.0775	174
5.08	175
5.0825	174
5.085	179
5.0875	168
5.09	178
5.0925	168
5.095	178
5.0975	175
5.1	175
5.1025	182
5.105	175
5.1075	183
5.11	175
5.1125	183
5.115	175
5.1175	183
5.12	176
5.1225	178
5.125	179
5.1275	181
5.13	186
5.1325	178
5.135	184
5.1375	178
5.14	185
5.1425	179
5.145	186
5.1475	183
5.15	185
5.1525	181
5.155	179
5.1575	187
5.16	182
5.1625	186
5.165	179
5.1675	186
5.17	180
5.1725	186
5.175	186
5.1775	185
5.18	187
5.1825	185
5.185	187
5.1875	185
5.19	187
5.1925	183
5.195	187
5.1975	181
5.2	187
5.2025	187
5.205	187
5.2075	187
5.21	183
5.2125	187
5.215	185
5.2175	193
5.22	187
5.2225	187
5.225	187
5.2275	184
5.23	193
5.2325	185
5.235	187
5.2375	185
5.24	193
5.2425	187
5.245	187
5.2475	188
5.25	187
5.2525	187
5.255	185
5.2575	189
5.26	185
5.2625	189
5.265	180
5.2675	190
5.27	187
5.2725	187
5.275	194
5.2775	180
5.28	194
5.2825	180
5.285	190
5.2875	185
5.29	187
5.2925	183
5.295	185
5.2975	193
5.3	180
5.3025	191
5.305	183
5.3075	188
5.31	185
5.3125	187
5.315	187
5.3175	185
5.32	188
5.3225	185
5.325	188
5.3275	179
5.33	190
5.3325	180
5.335	187
5.3375	186
5.34	185
5.3425	184
5.345	179
5.3475	187
5.35	183
5.3525	188
5.355	183
5.3575	187
5.36	179
5.3625	186
5.365	187
5.3675	183
5.37	185
5.3725	183
5.375	187
5.3775	179
5.38	186
5.3825	179
5.385	180
5.3875	183
5.39	183
5.3925	179
5.395	182
5.3975	183
5.4	182
5.4025	179
5.405	178
5.4075	183
5.41	183
5.4125	183
5.415	183
5.4175	181
5.42	183
5.4225	175
5.425	179
5.4275	175
5.43	182
5.4325	175
5.435	175
5.4375	175
5.44	175
5.4425	175
5.445	175
5.4475	175
5.45	168
5.4525	180
5.455	168
5.4575	174
5.46	173
5.4625	168
5.465	171
5.4675	171
5.47	173
5.4725	173
5.475	168
5.4775	173
5.48	166
5.4825	167
5.485	164
5.4875	167
5.49	166
5.4925	171
5.495	163
5.4975	166
5.5	165
5.5025	166
5.505	169
5.5075	169
5.51	165
5.5125	164
5.515	168
5.5175	163
5.52	162
5.5225	162
5.525	162
5.5275	162
5.53	162
5.5325	162
5.535	161
5.5375	161
5.54	155
5.5425	155
5.545	160
5.5475	158
5.55	155
5.5525	155
5.555	158
5.5575	158
5.56	160
5.5625	157
5.565	154
5.5675	150
5.57	158
5.5725	150
5.575	153
5.5775	150
5.58	153
5.5825	150
5.585	148
5.5875	153
5.59	148
5.5925	150
5.595	142
5.5975	149
5.6	146
5.6025	149
5.605	145
5.6075	148
5.61	142
5.6125	141
5.615	146
5.6175	139
5.62	146
5.6225	137
5.625	141
5.6275	138
5.63	139
5.6325	139
5.635	131
5.6375	144
5.64	133
5.6425	143
5.645	133
5.6475	134
5.65	134
5.6525	135
5.655	134
5.6575	132
5.66	130
5.6625	128
5.665	133
5.6675	126
5.67	133
5.6725	126
5.675	128
5.6775	126
5.68	125
5.6825	126
5.685	118
5.6875	125
5.69	121
5.6925	124
5.695	117
5.6975	123
5.7	121
5.7025	120
5.705	116
5.7075	116
5.71	120
5.7125	113
5.715	120
5.7175	112
5.72	119
5.7225	112
5.725	115
5.7275	112
5.73	112
5.7325	115
5.735	104
5.7375	110
5.74	104
5.7425	111
5.745	104
5.7475	104
5.75	104
5.7525	103
5.755	105
5.7575	100
5.76	108
5.7625	100
5.765	101
5.7675	100
5.77	98
5.7725	98
5.775	96
5.7775	100
5.78	95
5.7825	93
5.785	89
5.7875	98
5.79	88
5.7925	95
5.795	89
5.7975	93
5.8	91
5.8025	87
5.805	89
5.8075	85
5.81	90
5.8125	84
5.815	81
5.8175	83
5.82	85
5.8225	80
5.825	79
5.8275	85
5.83	75
5.8325	82
5.835	75
5.8375	81
5.84	75
5.8425	78
5.845	75
5.8475	74
5.85	68
5.8525	72
5.855	71
5.8575	67
5.86	66
5.8625	70
5.865	66
5.8675	65
5.87	64
5.8725	63
5.875	68
5.8775	62
5.88	62
5.8825	62
5.885	62
5.8875	60
5.89	55
5.8925	55
5.895	54
5.8975	54
5.9	54
5.9025	50
5.905	57
5.9075	50
5.91	53
5.9125	50
5.915	49
5.9175	49
5.92	43
5.9225	49
5.925	48
5.9275	46
5.93	41
5.9325	39
5.935	41
5.9375	41
5.94	38
5.9425	43
5.945	39
5.9475	37
5.95	32
5.9525	37
5.955	35
5.9575	31
5.96	33
5.9625	35
5.965	29
5.9675	28
5.97	26
5.9725	28
5.975	26
5.9775	25
5.98	25
5.9825	24
5.985	24
5.9875	18
5.99	18
5.9925	23
5.995	21
5.9975	16
6	16
6.0025	16
6.005	19
6.0075	14
6.01	13
6.0125	13
6.015	18
6.0175	12
6.02	12
6.0225	11
6.025	11
6.0275	10
6.03	4
6.0325	3
6.035	4
6.0375	3
6.04	1
6.0425	1
6.045	6
6.0475	0
6.05	-6
6.0525	0
6.055	-1
6.0575	-9
6.06	-7
6.0625	-6
6.065	-8
6.0675	-8
6.07	-4
6.0725	-5
6.075	-12
6.0775	-11
6.08	-12
6.0825	-15
6.085	-12
6.0875	-12
6.09	-15
6.0925	-19
6.095	-16
6.0975	-16
6.1	-20
6.1025	-16
6.105	-17
6.1075	-21
6.11	-24
6.1125	-24
6.115	-24
6.1175	-25
6.12	-25
6.1225	-28
6.125	-25
6.1275	-27
6.13	-32
6.1325	-33
6.135	-33
6.1375	-33
6.14	-36
6.1425	-34
6.145	-37
6.1475	-37
6.15	-37
6.1525	-37
6.155	-39
6.1575	-39
6.16	-41
6.1625	-39
6.165	-41
6.1675	-41
6.17	-45
6.1725	-48
6.175	-43
6.1775	-46
6.18	-49
6.1825	-49
6.185	-50
6.1875	-50
6.19	-56
6.1925	-56
6.195	-58
6.1975	-53
6.2	-52
6.2025	-54
6.205	-54
6.2075	-55
6.21	-58
6.2125	-60
6.215	-59
6.2175	-62
6.22	-62
6.2225	-62
6.225	-65
6.2275	-62
6.23	-69
6.2325	-66
6.235	-69
6.2375	-71
6.24	-66
6.2425	-67
6.245	-73
6.2475	-68
6.25	-73
6.2525	-74
6.255	-75
6.2575	-75
6.26	-76
6.2625	-81
6.265	-76
6.2675	-81
6.27	-79
6.2725	-78
6.275	-79
6.2775	-83
6.28	-83
6.2825	-84
6.285	-83
6.2875	-87
6.29	-87
6.2925	-87
6.295	-87
6.2975	-87
6.3	-88
6.3025	-90
6.305	-94
6.3075	-94
6.31	-91
6.3125	-91
6.315	-95
6.3175	-96
6.32	-98
6.3225	-99
6.325	-99
6.3275	-99
6.33	-99
6.3325	-100
6.335	-100
6.3375	-100
6.34	-106
6.3425	-106
6.345	-104
6.3475	-104
6.35	-103
6.3525	-105
6.355	-108
6.3575	-110
6.36	-111
6.3625	-105
6.365	-106
6.3675	-112
6.37	-112
6.3725	-112
6.375	-112
6.3775	-118
6.38	-113
6.3825	-119
6.385	-115
6.3875	-116
6.39	-120
6.3925	-116
6.395	-120
6.3975	-121
6.4	-116
6.4025	-118
6.405	-117
6.4075	-124
6.41	-123
6.4125	-124
6.415	-126
6.4175	-124
6.42	-125
6.4225	-125
6.425	-128
6.4275	-128
6.43	-133
6.4325	-129
6.435	-133
6.4375	-129
6.44	-129
6.4425	-130
6.445	-133
6.4475	-133
6.45	-130
6.4525	-137
6.455	-137
6.4575	-136
6.46	-131
6.4625	-137
6.465	-137
6.4675	-139
6.47	-140
6.4725	-137
6.475	-144
6.4775	-140
6.48	-147
6.4825	-144
6.485	-145
6.4875	-145
6.49	-145
6.4925	-149
6.495	-147
6.4975	-149
6.5	-146
6.5025	-149
6.505	-146
6.5075	-149
6.51	-150
6.5125	-149
6.515	-150
6.5175	-155
6.52	-150
6.5225	-150
6.525	-153
6.5275	-150
6.53	-157
6.5325	-151
6.535	-157
6.5375	-158
6.54	-157
6.5425	-155
6.545	-153
6.5475	-160
6.55	-154
6.5525	-160
6.555	-155
6.5575	-155
6.56	-162
6.5625	-155
6.565	-162
6.5675	-161
6.57	-162
6.5725	-161
6.575	-163
6.5775	-162
6.58	-162
6.5825	-164
6.585	-162
6.5875	-169
6.59	-162
6.5925	-166
6.595	-162
6.5975	-166
6.6	-166
6.6025	-164
6.605	-166
6.6075	-164
6.61	-168
6.6125	-166
6.615	-171
6.6175	-166
6.62	-172
6.6225	-173
6.625	-171
6.6275	-174
6.63	-170
6.6325	-173
6.635	-170
6.6375	-174
6.64	-168
6.6425	-173
6.645	-175
6.6475	-168
6.65	-176
6.6525	-173
6.655	-182
6.6575	-175
6.66	-176
6.6625	-176
6.665	-181
6.6675	-175
6.67	-175
6.6725	-179
6.675	-175
6.6775	-179
6.68	-175
6.6825	-183
6.685	-178
6.6875	-178
6.69	-182
6.6925	-178
6.695	-179
6.6975	-178
6.7	-179
6.7025	-178
6.705	-185
6.7075	-177
6.71	-183
6.7125	-183
6.715	-183
6.7175	-180
6.72	-183
6.7225	-187
6.725	-179
6.7275	-185
6.73	-183
6.7325	-184
6.735	-183
6.7375	-185
6.74	-185
6.7425	-183
6.745	-184
6.7475	-183
6.75	-187
6.7525	-183
6.755	-187
6.7575	-185
6.76	-180
6.7625	-187
6.765	-180
6.7675	-187
6.77	-185
6.7725	-185
6.775	-185
6.7775	-187
6.78	-187
6.7825	-187
6.785	-187
6.7875	-184
6.79	-187
6.7925	-186
6.795	-187
6.7975	-186
6.8	-190
6.8025	-181
6.805	-187
6.8075	-184
6.81	-181
6.8125	-190
6.815	-184
6.8175	-187
6.82	-187
6.8225	-193
6.825	-184
6.8275	-190
6.83	-187
6.8325	-187
6.835	-189
6.8375	-181
6.84	-194
6.8425	-185
6.845	-194
6.8475	-187
6.85	-193
6.8525	-187
6.855	-187
6.8575	-193
6.86	-187
6.8625	-187
6.865	-185
6.8675	-188
6.87	-180
6.8725	-188
6.875	-187
6.8775	-187
6.88	-187
6.8825	-187
6.885	-187
6.8875	-183
6.89	-193
6.8925	-179
6.895	-187
6.8975	-183
6.9	-187
6.9025	-180
6.905	-187
6.9075	-181
6.91	-186
6.9125	-184
6.915	-179
6.9175	-187
6.92	-183
6.9225	-187
6.925	-177
6.9275	-187
6.93	-180
6.9325	-185
6.935	-184
6.9375	-179
6.94	-184
6.9425	-178
6.945	-187
6.9475	-182
6.95	-183
6.9525	-179
6.955	-179
6.9575	-180
6.96	-175
6.9625	-187
6.965	-178
6.9675	-187
6.97	-178
6.9725	-180
6.975	-182
6.9775	-178
6.98	-179
6.9825	-175
6.985	-184
6.9875	-174
6.99	-180
6.9925	-181
6.995	-183
6.9975	-175
7	-181
7.0025	-176
7.005	-174
7.0075	-177
7.01	-171
7.0125	-182
7.015	-173
7.0175	-178
7.02	-174
7.0225	-178
7.025	-171
7.0275	-171
7.03	-175
7.0325	-166
7.035	-178
7.0375	-166
7.04	-174
7.0425	-166
7.045	-174
7.0475	-171
7.05	-172
7.0525	-174
7.055	-165
7.0575	-175
7.06	-164
7.0625	-174
7.065	-162
7.0675	-173
7.07	-164
7.0725	-164
7.075	-164
7.0775	-162
7.08	-167
7.0825	-161
7.085	-170
7.0875	-158
7.09	-170
7.0925	-160
7.095	-162
7.0975	-159
7.1	-158
7.1025	-164
7.105	-154
7.1075	-169
7.11	-153
7.1125	-162
7.115	-158
7.1175	-161
7.12	-154
7.1225	-158
7.125	-162
7.1275	-150
7.13	-162
7.1325	-150
7.135	-158
7.1375	-150
7.14	-153
7.1425	-153
7.145	-149
7.1475	-153
7.15	-146
7.1525	-154
7.155	-142
7.1575	-150
7.16	-142
7.1625	-149
7.165	-147
7.1675	-146
7.17	-150
7.1725	-139
7.175	-150
7.1775	-138
7.18	-149
7.1825	-144
7.185	-148
7.1875	-145
7.19	-144
7.1925	-142
7.195	-137
7.1975	-148
7.2	-136
7.2025	-147
7.205	-130
7.2075	-141
7.21	-137
7.2125	-136
7.215	-137
7.2175	-135
7.22	-137
7.2225	-133
7.225	-137
7.2275	-126
7.23	-135
7.2325	-126
7.235	-129
7.2375	-127
7.24	-125
7.2425	-133
7.245	-121
7.2475	-133
7.25	-124
7.2525	-127
7.255	-118
7.2575	-126
7.26	-121
7.2625	-124
7.265	-118
7.2675	-120
7.27	-125
7.2725	-115
7.275	-124
7.2775	-115
7.28	-123
7.2825	-112
7.285	-117
7.2875	-116
7.29	-114
7.2925	-116
7.295	-106
7.2975	-119
7.3	-110
7.3025	-112
7.305	-110
7.3075	-111
7.31	-105
7.3125	-105
7.315	-110
7.3175	-108
7.32	-109
7.3225	-101
7.325	-104
7.3275	-100
7.33	-107
7.3325	-100
7.335	-100
7.3375	-100
7.34	-99
7.3425	-100
7.345	-96
7.3475	-93
7.35	-96
7.3525	-93
7.355	-95
7.3575	-95
7.36	-95
7.3625	-91
7.365	-95
7.3675	-87
7.37	-89
7.3725	-87
7.375	-90
7.3775	-86
7.38	-87
7.3825	-87
7.385	-80
7.3875	-87
7.39	-83
7.3925	-81
7.395	-83
7.3975	-83
7.4	-76
7.4025	-78
7.405	-78
7.4075	-76
7.41	-75
7.4125	-75
7.415	-75
7.4175	-74
7.42	-73
7.4225	-71
7.425	-67
7.4275	-71
7.43	-67
7.4325	-66
7.435	-70
7.4375	-69
7.44	-69
7.4425	-69
7.445	-68
7.4475	-62
7.45	-62
7.4525	-62
7.455	-56
7.4575	-60
7.46	-60
7.4625	-55
7.465	-58
7.4675	-54
7.47	-58
7.4725	-53
7.475	-53
7.4775	-53
7.48	-50
7.4825	-53
7.485	-48
7.4875	-50
7.49	-46
7.4925	-49
7.495	-42
7.4975	-46
7.5	-47
7.5025	-41
7.505	-41
7.5075	-39
7.51	-41
7.5125	-39
7.515	-38
7.5175	-37
7.52	-37
7.5225	-37
7.525	-37
7.5275	-31
7.53	-33
7.5325	-30
7.535	-33
7.5375	-29
7.54	-33
7.5425	-33
7.545	-31
7.5475	-28
7.55	-25
7.5525	-25
7.555	-24
7.5575	-18
7.56	-24
7.5625	-21
7.565	-18
7.5675	-21
7.57	-16
7.5725	-16
7.575	-14
7.5775	-15
7.58	-19
7.5825	-12
7.585	-18
7.5875	-12
7.59	-12
7.5925	-10
7.595	-12
7.5975	-4
7.6	-8
7.6025	-3
7.605	-8
7.6075	-3
7.61	-7
7.6125	0
7.615	0
7.6175	0
7.62	5
7.6225	0
7.625	0
7.6275	0
7.63	4
7.6325	1
7.635	9
7.6375	8
7.64	10
7.6425	8
7.645	6
7.6475	11
7.65	12
7.6525	11
7.655	12
7.6575	13
7.66	15
7.6625	19
7.665	19
7.6675	14
7.67	20
7.6725	14
7.675	23
7.6775	21
7.68	18
7.6825	23
7.685	24
7.6875	24
7.69	25
7.6925	25
7.695	25
7.6975	31
7.7	29
7.7025	27
7.705	30
7.7075	33
7.71	30
7.7125	36
7.715	31
7.7175	31
7.72	37
7.7225	37
7.725	40
7.7275	40
7.73	39
7.7325	41
7.735	39
7.7375	41
7.74	45
7.7425	45
7.745	48
7.7475	48
7.75	49
7.7525	43
7.755	49
7.7575	50
7.76	51
7.7625	50
7.765	53
7.7675	52
7.77	53
7.7725	58
7.775	52
7.7775	55
7.78	58
7.7825	61
7.785	56
7.7875	56
7.79	62
7.7925	62
7.795	68
7.7975	62
7.8	64
7.8025	63
7.805	64
7.8075	70
7.81	66
7.8125	71
7.815	66
7.8175	68
7.82	78
7.8225	74
7.825	75
7.8275	78
7.83	81
7.8325	75
7.835	82
7.8375	78
7.84	82
7.8425	83
7.845	77
7.8475	83
7.85	79
7.8525	80
7.855	80
7.8575	87
7.86	84
7.8625	87
7.865	89
7.8675	90
7.87	94
7.8725	90
7.875	91
7.8775	94
7.88	91
7.8825	91
7.885	91
7.8875	96
7.89	96
7.8925	99
7.895	93
7.8975	99
7.9	99
7.9025	100
7.905	100
7.9075	101
7.91	103
7.9125	103
7.915	107
7.9175	103
7.92	108
7.9225	108
7.925	108
7.9275	104
7.93	109
7.9325	110
7.935	110
7.9375	112
7.94	112
7.9425	113
7.945	110
7.9475	116
7.95	112
7.9525	114
7.955	118
7.9575	114
7.96	114
7.9625	116
7.965	121
7.9675	116
7.97	118
7.9725	120
7.975	124
7.9775	121
7.98	124
7.9825	124
7.985	124
7.9875	125
7.99	124
7.9925	126
7.995	124
7.9975	129
8	125
8.0025	129
8.005	128
8.0075	130
8.01	129
8.0125	135
8.015	129
8.0175	136
8.02	137
8.0225	133
8.025	139
8.0275	133
8.03	138
8.0325	134
8.035	145
8.0375	137
8.04	138
8.0425	140
8.045	137
8.0475	145
8.05	138
8.0525	145
8.055	138
8.0575	146
8.06	141
8.0625	146
8.065	142
8.0675	143
8.07	148
8.0725	143
8.075	149
8.0775	149
8.08	149
8.0825	146
8.085	156
8.0875	149
8.09	151
8.0925	150
8.095	153
8.0975	150
8.1	153
8.1025	151
8.105	154
8.1075	154
8.11	158
8.1125	154
8.115	157
8.1175	159
8.12	158
8.1225	162
8.125	158
8.1275	162
8.13	158
8.1325	161
8.135	161
8.1375	162
8.14	162
8.1425	162
8.145	162
8.1475	162
8.15	162
8.1525	162
8.155	164
8.1575	162
8.16	166
8.1625	162
8.165	166
8.1675	166
8.17	166
8.1725	169
8.175	169
8.1775	172
8.18	166
8.1825	167
8.185	166
8.1875	168
8.19	166
8.1925	173
8.195	171
8.1975	171
8.2	174
8.2025	166
8.205	174
8.2075	174
8.21	168
8.2125	171
8.215	171
8.2175	175
8.22	174
8.2225	175
8.225	174
8.2275	175
8.23	168
8.2325	176
8.235	175
8.2375	178
8.24	175
8.2425	175
8.245	178
8.2475	175
8.25	178
8.2525	181
8.255	180
8.2575	175
8.26	183
8.2625	181
8.265	180
8.2675	178
8.27	179
8.2725	179
8.275	177
8.2775	183
8.28	183
8.2825	186
8.285	179
8.2875	180
8.29	183
8.2925	185
8.295	180
8.2975	183
8.3	185
8.3025	185
8.305	185
8.3075	185
8.31	187
8.3125	183
8.315	185
8.3175	185
8.32	187
8.3225	183
8.325	186
8.3275	185
8.33	181
8.3325	186
8.335	180
8.3375	187
8.34	187
8.3425	187
8.345	184
8.3475	193
8.35	184
8.3525	187
8.355	187
8.3575	186
8.36	187
8.3625	187
8.365	187
8.3675	180
8.37	187
8.3725	187
8.375	193
8.3775	185
8.38	187
8.3825	181
8.385	186
8.3875	187
8.39	187
8.3925	187
8.395	187
8.3975	193
8.4	187
8.4025	187
8.405	187
8.4075	193
8.41	187
8.4125	187
8.415	187
8.4175	187
8.42	187
8.4225	187
8.425	187
8.4275	187
8.43	187
8.4325	187
8.435	187
8.4375	187
8.44	185
8.4425	189
8.445	186
8.4475	187
8.45	181
8.4525	187
8.455	184
8.4575	187
8.46	187
8.4625	184
8.465	184
8.4675	186
8.47	187
8.4725	185
8.475	187
8.4775	187
8.48	180
8.4825	186
8.485	183
8.4875	187
8.49	185
8.4925	187
8.495	183
8.4975	187
8.5	183
8.5025	180
8.505	187
8.5075	180
8.51	186
8.5125	183
8.515	184
8.5175	179
8.52	180
8.5225	183
8.525	183
8.5275	179
8.53	183
8.5325	183
8.535	179
8.5375	183
8.54	181
8.5425	185
8.545	176
8.5475	183
8.55	175
8.5525	183
8.555	182
8.5575	178
8.56	179
8.5625	175
8.565	179
8.5675	175
8.57	178
8.5725	175
8.575	175
8.5775	178
8.58	174
8.5825	176
8.585	173
8.5875	182
8.59	168
8.5925	175
8.595	173
8.5975	174
8.6	174
8.6025	167
8.605	173
8.6075	166
8.61	174
8.6125	164
8.615	174
8.6175	172
8.62	174
8.6225	166
8.625	166
8.6275	167
8.63	170
8.6325	167
8.635	165
8.6375	167
8.64	166
8.6425	166
8.645	164
8.6475	162
8.65	170
8.6525	162
8.655	169
8.6575	162
8.66	164
8.6625	156
8.665	162
8.6675	161
8.67	156
8.6725	160
8.675	155
8.6775	162
8.68	158
8.6825	160
8.685	159
8.6875	155
8.69	155
8.6925	153
8.695	159
8.6975	150
8.7	159
8.7025	151
8.705	158
8.7075	153
8.71	151
8.7125	157
8.715	149
8.7175	151
8.72	148
8.7225	157
8.725	148
8.7275	151
8.73	143
8.7325	151
8.735	150
8.7375	145
8.74	150
8.7425	145
8.745	149
8.7475	144
8.75	143
8.7525	141
8.755	145
8.7575	145
8.76	137
8.7625	142
8.765	137
8.7675	146
8.77	134
8.7725	145
8.775	137
8.7775	138
8.78	139
8.7825	130
8.785	137
8.7875	130
8.79	137
8.7925	133
8.795	135
8.7975	133
8.8	133
8.8025	130
8.805	128
8.8075	133
8.81	131
8.8125	129
8.815	125
8.8175	132
8.82	126
8.8225	128
8.825	125
8.8275	124
8.83	125
8.8325	117
8.835	124
8.8375	120
8.84	124
8.8425	117
8.845	120
8.8475	121
8.85	113
8.8525	116
8.855	112
8.8575	120
8.86	111
8.8625	120
8.865	112
8.8675	115
8.87	112
8.8725	112
8.875	112
8.8775	110
8.88	106
8.8825	108
8.885	108
8.8875	108
8.89	107
8.8925	108
8.895	100
8.8975	104
8.9	100
8.9025	103
8.905	100
8.9075	106
8.91	100
8.9125	99
8.915	97
8.9175	98
8.92	100
8.9225	91
8.925	99
8.9275	89
8.93	92
8.9325	93
8.935	91
8.9375	94
8.94	87
8.9425	94
8.945	81
8.9475	88
8.95	79
8.9525	93
8.955	85
8.9575	87
8.96	80
8.9625	83
8.965	80
8.9675	78
8.97	79
8.9725	78
8.975	79
8.9775	75
8.98	78
8.9825	75
8.985	75
8.9875	70
8.99	73
8.9925	74
8.995	74
8.9975	74
9	66
9.0025	70
9.005	70
9.0075	64
9.01	69
9.0125	65
9.015	68
9.0175	68
9.02	62
9.0225	62
9.025	62
9.0275	56
9.03	62
9.0325	58
9.035	58
9.0375	54
9.04	58
9.0425	51
9.045	53
9.0475	50
9.05	50
9.0525	53
9.055	43
9.0575	50
9.06	48
9.0625	43
9.065	46
9.0675	45
9.07	43
9.0725	41
9.075	41
9.0775	39
9.08	44
9.0825	39
9.085	39
9.0875	38
9.09	40
9.0925	37
9.095	36
9.0975	35
9.1	35
9.1025	35
9.105	33
9.1075	27
9.11	27
9.1125	28
9.115	28
9.1175	26
9.12	25
9.1225	25
9.125	22
9.1275	24
9.13	24
9.1325	23
9.135	23
9.1375	21
9.14	20
9.1425	20
9.145	14
9.1475	19
9.15	15
9.1525	12
9.155	12
9.1575	14
9.16	11
9.1625	9
9.165	11
9.1675	4
9.17	5
9.1725	8
9.175	2
9.1775	4
9.18	0
9.1825	6
9.185	6
9.1875	3
9.19	0
9.1925	0
9.195	0
9.1975	-3
9.2	-3
9.2025	-3
9.205	-8
9.2075	-3
9.21	-8
9.2125	-4
9.215	-8
9.2175	-10
9.22	-11
9.2225	-15
9.225	-10
9.2275	-18
9.23	-18
9.2325	-16
9.235	-14
9.2375	-19
9.24	-16
9.2425	-17
9.245	-20
9.2475	-21
9.25	-23
9.2525	-24
9.255	-24
9.2575	-24
9.26	-25
9.2625	-25
9.265	-25
9.2675	-25
9.27	-28
9.2725	-28
9.275	-33
9.2775	-35
9.28	-29
9.2825	-30
9.285	-30
9.2875	-37
9.29	-31
9.2925	-37
9.295	-43
9.2975	-40
9.3	-39
9.3025	-38
9.305	-47
9.3075	-39
9.31	-46
9.3125	-41
9.315	-48
9.3175	-48
9.32	-48
9.3225	-49
9.325	-49
9.3275	-48
9.33	-50
9.3325	-50
9.335	-56
9.3375	-53
9.34	-51
9.3425	-54
9.345	-58
9.3475	-55
9.35	-58
9.3525	-58
9.355	-59
9.3575	-62
9.36	-67
9.3625	-62
9.365	-63
9.3675	-62
9.37	-66
9.3725	-69
9.375	-70
9.3775	-66
9.38	-67
9.3825	-66
9.385	-68
9.3875	-73
9.39	-74
9.3925	-71
9.395	-74
9.3975	-74
9.4	-75
9.4025	-75
9.405	-76
9.4075	-78
9.41	-76
9.4125	-79
9.415	-77
9.4175	-80
9.42	-85
9.4225	-85
9.425	-86
9.4275	-86
9.43	-87
9.4325	-86
9.435	-87
9.4375	-89
9.44	-87
9.4425	-88
9.445	-89
9.4475	-95
9.45	-95
9.4525	-91
9.455	-95
9.4575	-98
9.46	-95
9.4625	-98
9.465	-96
9.4675	-99
9.47	-99
9.4725	-100
9.475	-100
9.4775	-101
9.48	-100
9.4825	-104
9.485	-101
9.4875	-104
9.49	-104
9.4925	-108
9.495	-104
9.4975	-108
9.5	-109
9.5025	-110
9.505	-112
9.5075	-110
9.51	-112
9.5125	-109
9.515	-112
9.5175	-113
9.52	-114
9.5225	-113
9.525	-114
9.5275	-119
9.53	-116
9.5325	-119
9.535	-116
9.5375	-116
9.54	-123
9.5425	-121
9.545	-124
9.5475	-123
9.55	-124
9.5525	-121
9.555	-124
9.5575	-125
9.56	-125
9.5625	-128
9.565	-125
9.5675	-127
9.57	-125
9.5725	-133
9.575	-126
9.5775	-133
9.58	-129
9.5825	-129
9.585	-130
9.5875	-133
9.59	-136
9.5925	-129
9.595	-131
9.5975	-136
9.6	-137
9.6025	-137
9.605	-137
9.6075	-137
9.61	-137
9.6125	-138
9.615	-137
9.6175	-144
9.62	-144
9.6225	-141
9.625	-141
9.6275	-146
9.63	-141
9.6325	-147
9.635	-149
9.6375	-142
9.64	-149
9.6425	-146
9.645	-149
9.6475	-143
9.65	-146
9.6525	-146
9.655	-149
9.6575	-150
9.66	-149
9.6625	-151
9.665	-150
9.6675	-154
9.67	-150
9.6725	-157
9.675	-152
9.6775	-151
9.68	-154
9.6825	-150
9.685	-160
9.6875	-154
9.69	-159
9.6925	-158
9.695	-162
9.6975	-161
9.7	-155
9.7025	-162
9.705	-155
9.7075	-162
9.71	-160
9.7125	-162
9.715	-155
9.7175	-165
9.72	-162
9.7225	-165
9.725	-162
9.7275	-162
9.73	-166
9.7325	-168
9.735	-166
9.7375	-164
9.74	-166
9.7425	-164
9.745	-170
9.7475	-167
9.75	-166
9.7525	-174
9.755	-166
9.7575	-171
9.76	-170
9.7625	-173
9.765	-171
9.7675	-168
9.77	-173
9.7725	-170
9.775	-175
9.7775	-171
9.78	-174
9.7825	-174
9.785	-174
9.7875	-173
9.79	-173
9.7925	-181
9.795	-174
9.7975	-176
9.8	-175
9.8025	-176
9.805	-175
9.8075	-176
9.81	-175
9.8125	-178
9.815	-178
9.8175	-178
9.82	-182
9.8225	-175
9.825	-180
9.8275	-176
9.83	-177
9.8325	-178
9.835	-183
9.8375	-182
9.84	-176
9.8425	-183
9.845	-176
9.8475	-183
9.85	-176
9.8525	-186
9.855	-178
9.8575	-183
9.86	-179
9.8625	-183
9.865	-185
9.8675	-177
9.87	-187
9.8725	-179
9.875	-185
9.8775	-179
9.88	-181
9.8825	-186
9.885	-180
9.8875	-181
9.89	-183
9.8925	-186
9.895	-183
9.8975	-187
9.9	-183
9.9025	-187
9.905	-180
9.9075	-185
9.91	-187
9.9125	-185
9.915	-187
9.9175	-185
9.92	-190
9.9225	-180
9.925	-190
9.9275	-185
9.93	-184
9.9325	-189
9.935	-185
9.9375	-189
9.94	-179
9.9425	-189
9.945	-187
9.9475	-187
9.95	-187
9.9525	-187
9.955	-189
9.9575	-180
9.96	-194
9.9625	-185
9.965	-189
9.9675	-185
9.97	-193
9.9725	-187
9.975	-187
9.9775	-188
9.98	-181
9.9825	-188
9.985	-186
9.9875	-195
9.99	-183
9.9925	-190
9.995	-185
9.9975	-193
10	-187
10.0025	-185
10.005	-190
10.0075	-185
10.01	-194
10.0125	-185
10.015	-189
10.0175	-179
10.02	-188
10.0225	-184
10.025	-187
10.0275	-187
10.03	-180
10.0325	-189
10.035	-180
10.0375	-188
10.04	-183
10.0425	-187
10.045	-180
10.0475	-184
10.05	-187
10.0525	-183
10.055	-187
10.0575	-178
10.06	-187
10.0625	-183
10.065	-184
10.0675	-183
10.07	-187
10.0725	-184
10.075	-183
10.0775	-187
10.08	-178
10.0825	-189
10.085	-176
10.0875	-185
10.09	-179
10.0925	-183
10.095	-184
10.0975	-175
10.1	-186
10.1025	-175
10.105	-187
10.1075	-175
10.11	-180
10.1125	-176
10.115	-183
10.1175	-179
10.12	-174
10.1225	-186
10.125	-175
10.1275	-181
10.13	-175
10.1325	-183
10.135	-175
10.1375	-176
10.14	-181
10.1425	-180
10.145	-177
10.1475	-167
10.15	-185
10.1525	-173
10.155	-183
10.1575	-171
10.16	-178
10.1625	-175
10.165	-171
10.1675	-176
10.17	-170
10.1725	-176
10.175	-169
10.1775	-178
10.18	-166
10.1825	-174
10.185	-170
10.1875	-173
10.19	-175
10.1925	-169
10.195	-175
10.1975	-168
10.2	-174
10.2025	-162
10.205	-173
10.2075	-164
10.21	-166
10.2125	-166
10.215	-162
10.2175	-166
10.22	-162
10.2225	-171
10.225	-159
10.2275	-166
10.23	-161
10.2325	-163
10.235	-162
10.2375	-159
	
