#1
double n1(2049,5)   # comment line
0	0	0	0	0		
0.000125	8	-24	0	-13		
0.00025	9	-19	0	-11		
0.000375	3	-11	0	-5		
0.0005	-1	-4	0	-2		
0.000625	-7	-2	0	2		
0.00075	-18	4	0	9		
0.000875	-29	8	0	16		
0.001	-38	13	0	22		
0.001125	-46	17	1	28		
0.00125	-55	21	0	33		
0.001375	-64	26	0	40		
0.0015	-74	37	2	48		
0.001625	-86	48	2	57		
0.00175	-98	58	1	67		
0.001875	-111	69	2	77		
0.002	-126	83	4	88		
0.002125	-142	96	4	100		
0.00225	-155	109	5	111		
0.002375	-171	122	4	123		
0.0025	-185	135	6	134		
0.002625	-203	152	6	148		
0.00275	-220	167	8	161		
0.002875	-235	181	9	173		
0.003	-251	192	10	184		
0.003125	-263	203	10	194		
0.00325	-276	213	12	204		
0.003375	-289	223	13	213		
0.0035	-302	232	14	222		
0.003625	-314	241	14	231		
0.00375	-325	250	16	239		
0.003875	-337	259	17	248		
0.004	-348	270	19	257		
0.004125	-357	275	20	263		
0.00425	-363	279	21	268		
0.004375	-370	286	23	273		
0.0045	-376	287	24	277		
0.004625	-382	288	25	280		
0.00475	-387	294	27	284		
0.004875	-392	296	30	287		
0.005	-397	298	29	291		
0.005125	-399	298	31	292		
0.00525	-403	303	32	295		
0.005375	-406	304	32	298		
0.0055	-410	306	34	301		
0.005625	-415	310	33	304		
0.00575	-420	313	35	307		
0.005875	-427	314	35	311		
0.006	-433	317	36	316		
0.006125	-439	322	38	320		
0.00625	-446	326	39	325		
0.006375	-452	329	39	329		
0.0065	-456	332	41	332		
0.006625	-462	338	41	337		
0.00675	-467	339	42	340		
0.006875	-472	343	41	344		
0.007	-479	347	42	349		
0.007125	-489	355	43	356		
0.00725	-499	359	43	362		
0.007375	-510	366	45	370		
0.0075	-520	373	44	378		
0.007625	-529	379	46	384		
0.00775	-540	387	45	392		
0.007875	-551	394	46	400		
0.008	-564	402	46	410		
0.008125	-577	412	47	419		
0.00825	-590	419	47	428		
0.008375	-605	428	47	439		
0.0085	-619	438	47	449		
0.008625	-634	447	49	459		
0.00875	-649	459	52	470		
0.008875	-663	466	53	480		
0.009	-673	471	54	487		
0.009125	-681	475	54	492		
0.00925	-690	480	54	499		
0.009375	-700	486	56	506		
0.0095	-713	491	57	514		
0.009625	-723	498	58	522		
0.00975	-734	504	60	530		
0.009875	-746	509	61	538		
0.01	-756	513	61	545		
0.010125	-766	519	63	552		
0.01025	-775	524	64	558		
0.010375	-783	528	67	564		
0.0105	-790	530	68	568		
0.010625	-796	531	68	572		
0.01075	-801	532	71	575		
0.010875	-807	532	74	579		
0.011	-811	533	75	581		
0.011125	-812	532	76	582		
0.01125	-814	530	78	583		
0.011375	-817	527	79	584		
0.0115	-818	524	81	585		
0.011625	-821	522	83	586		
0.01175	-821	521	85	586		
0.011875	-822	518	86	586		
0.012	-821	514	89	586		
0.012125	-820	510	90	584		
0.01225	-819	503	90	583		
0.012375	-818	500	93	581		
0.0125	-817	496	95	581		
0.012625	-816	491	97	580		
0.01275	-813	484	98	577		
0.012875	-810	480	100	574		
0.013	-808	475	99	573		
0.013125	-806	470	102	571		
0.01325	-806	467	102	571		
0.013375	-806	463	106	571		
0.0135	-805	458	108	570		
0.013625	-803	452	108	568		
0.01375	-799	446	111	565		
0.013875	-795	440	112	562		
0.014	-793	434	112	559		
0.014125	-789	427	113	557		
0.01425	-788	423	115	557		
0.014375	-789	419	118	557		
0.0145	-791	415	119	558		
0.014625	-789	410	118	557		
0.01475	-788	405	121	555		
0.014875	-789	400	122	556		
0.015	-789	398	123	557		
0.015125	-789	393	125	557		
0.01525	-789	382	127	556		
0.015375	-788	382	127	556		
0.0155	-787	380	129	555		
0.015625	-789	374	132	556		
0.01575	-788	365	134	556		
0.015875	-785	358	134	555		
0.016	-784	358	136	553		
0.016125	-781	352	136	552		
0.01625	-780	344	139	552		
0.016375	-781	341	141	552		
0.0165	-780	337	143	552		
0.016625	-777	329	145	550		
0.01675	-774	322	145	548		
0.016875	-771	316	146	546		
0.017	-768	310	149	545		
0.017125	-767	305	151	545		
0.01725	-765	296	152	543		
0.017375	-760	285	155	541		
0.0175	-755	281	156	538		
0.017625	-750	275	156	535		
0.01775	-746	270	159	533		
0.017875	-743	263	160	531		
0.018	-741	256	162	530		
0.018125	-738	250	163	529		
0.01825	-734	242	164	528		
0.018375	-730	234	166	526		
0.0185	-727	229	167	525		
0.018625	-725	221	169	523		
0.01875	-722	214	170	523		
0.018875	-717	205	171	521		
0.019	-713	198	173	519		
0.019125	-710	193	172	518		
0.01925	-707	184	176	517		
0.019375	-706	177	177	518		
0.0195	-703	169	178	517		
0.019625	-700	164	177	516		
0.01975	-698	155	180	516		
0.019875	-699	150	183	518		
0.02	-698	143	183	519		
0.020125	-695	135	185	519		
0.02025	-691	129	184	518		
0.020375	-689	122	185	518		
0.0205	-690	115	187	521		
0.020625	-691	109	187	523		
0.02075	-690	102	192	525		
0.020875	-690	95	191	527		
0.021	-686	89	192	526		
0.021125	-683	81	195	526		
0.02125	-682	73	194	528		
0.021375	-680	66	198	528		
0.0215	-678	60	197	529		
0.021625	-676	52	201	530		
0.02175	-674	44	201	531		
0.021875	-670	37	203	531		
0.022	-668	30	204	532		
0.022125	-663	24	204	530		
0.02225	-662	20	208	531		
0.022375	-660	17	208	530		
0.0225	-656	13	210	528		
0.022625	-652	9	209	528		
0.02275	-649	5	212	526		
0.022875	-648	1	214	527		
0.023	-646	-6	217	528		
0.023125	-642	-11	218	528		
0.02325	-638	-17	219	526		
0.023375	-634	-24	219	526		
0.0235	-628	-31	221	525		
0.023625	-624	-39	224	525		
0.02375	-618	-47	223	523		
0.023875	-612	-56	227	522		
0.024	-605	-65	227	521		
0.024125	-597	-74	228	518		
0.02425	-589	-84	227	517		
0.024375	-582	-94	233	516		
0.0245	-576	-105	231	517		
0.024625	-569	-116	234	516		
0.02475	-561	-127	232	516		
0.024875	-553	-138	237	515		
0.025	-547	-149	235	516		
0.025125	-540	-160	238	517		
0.02525	-533	-171	240	518		
0.025375	-525	-183	240	518		
0.0255	-518	-194	241	518		
0.025625	-510	-204	243	518		
0.02575	-503	-214	244	519		
0.025875	-497	-225	244	521		
0.026	-491	-236	246	523		
0.026125	-484	-246	246	524		
0.02625	-478	-257	249	526		
0.026375	-473	-268	249	528		
0.0265	-467	-278	252	530		
0.026625	-460	-289	250	532		
0.02675	-453	-299	253	533		
0.026875	-446	-309	254	535		
0.027	-439	-320	257	538		
0.027125	-432	-330	256	539		
0.02725	-422	-339	258	538		
0.027375	-415	-349	261	540		
0.0275	-408	-358	262	540		
0.027625	-399	-367	263	540		
0.02775	-389	-376	265	540		
0.027875	-382	-386	266	542		
0.028	-373	-396	268	543		
0.028125	-363	-405	267	542		
0.02825	-355	-414	271	543		
0.028375	-346	-423	272	543		
0.0285	-335	-431	271	542		
0.028625	-325	-440	273	542		
0.02875	-317	-450	277	543		
0.028875	-307	-460	277	544		
0.029	-296	-468	278	543		
0.029125	-285	-476	281	542		
0.02925	-275	-484	281	542		
0.029375	-264	-491	283	540		
0.0295	-253	-497	282	538		
0.029625	-243	-506	284	539		
0.02975	-233	-516	288	540		
0.029875	-222	-525	288	541		
0.03	-212	-532	289	540		
0.030125	-199	-539	289	538		
0.03025	-189	-547	291	539		
0.030375	-178	-556	293	540		
0.0305	-168	-565	295	541		
0.030625	-155	-572	294	540		
0.03075	-143	-579	297	540		
0.030875	-132	-587	298	540		
0.031	-122	-594	299	540		
0.031125	-110	-600	301	539		
0.03125	-100	-607	299	540		
0.031375	-90	-614	303	540		
0.0315	-79	-624	305	543		
0.031625	-67	-631	304	543		
0.03175	-58	-638	306	544		
0.031875	-46	-644	308	544		
0.032	-36	-650	310	545		
0.032125	-23	-655	310	543		
0.03225	-13	-660	312	543		
0.032375	-4	-663	312	541		
0.0325	1	-666	315	542		
0.032625	6	-671	315	543		
0.03275	10	-676	316	546		
0.032875	16	-683	319	549		
0.033	24	-688	320	550		
0.033125	33	-693	319	550		
0.03325	46	-697	321	548		
0.033375	62	-704	325	549		
0.0335	79	-711	325	549		
0.033625	95	-715	325	547		
0.03375	115	-720	327	545		
0.033875	130	-725	328	545		
0.034	147	-730	330	544		
0.034125	160	-736	332	545		
0.03425	179	-739	332	544		
0.034375	194	-743	334	543		
0.0345	208	-746	335	543		
0.034625	222	-749	338	543		
0.03475	236	-751	339	542		
0.034875	251	-752	339	540		
0.035	265	-753	340	538		
0.035125	278	-755	344	538		
0.03525	293	-758	342	539		
0.035375	306	-758	345	538		
0.0355	319	-762	346	540		
0.035625	334	-764	349	540		
0.03575	348	-764	350	540		
0.035875	358	-762	350	538		
0.036	369	-760	353	536		
0.036125	382	-758	354	535		
0.03625	392	-756	354	533		
0.036375	404	-755	356	533		
0.0365	418	-753	357	533		
0.036625	429	-752	358	532		
0.03675	443	-750	360	532		
0.036875	454	-750	361	533		
0.037	467	-747	363	533		
0.037125	477	-744	365	532		
0.03725	485	-740	363	530		
0.037375	494	-736	366	529		
0.0375	507	-734	368	530		
0.037625	518	-731	369	530		
0.03775	526	-727	371	530		
0.037875	537	-723	372	530		
0.038	548	-718	372	529		
0.038125	556	-712	375	528		
0.03825	565	-708	374	528		
0.038375	575	-703	377	528		
0.0385	584	-699	377	529		
0.038625	592	-694	379	529		
0.03875	601	-690	379	530		
0.038875	610	-685	382	530		
0.039	618	-680	383	531		
0.039125	625	-674	383	530		
0.03925	633	-667	386	530		
0.039375	638	-664	385	530		
0.0395	643	-659	386	530		
0.039625	648	-658	389	531		
0.03975	655	-655	390	533		
0.039875	660	-648	391	532		
0.04	665	-641	393	531		
0.040125	672	-633	392	531		
0.04025	677	-622	395	530		
0.040375	686	-613	395	530		
0.0405	693	-601	397	530		
0.040625	699	-589	398	530		
0.04075	707	-577	402	530		
0.040875	713	-564	400	530		
0.041	717	-548	403	529		
0.041125	721	-534	405	528		
0.04125	725	-519	405	528		
0.041375	728	-504	407	526		
0.0415	733	-489	407	527		
0.041625	735	-474	410	526		
0.04175	739	-460	410	527		
0.041875	742	-445	413	527		
0.042	744	-431	413	528		
0.042125	744	-414	413	527		
0.04225	744	-400	417	526		
0.042375	746	-386	417	527		
0.0425	746	-369	419	527		
0.042625	745	-354	420	527		
0.04275	745	-338	424	527		
0.042875	742	-323	422	526		
0.043	739	-305	425	524		
0.043125	736	-290	425	524		
0.04325	733	-274	426	523		
0.043375	731	-260	429	523		
0.0435	729	-244	428	524		
0.043625	725	-228	430	524		
0.04375	723	-212	431	525		
0.043875	719	-196	433	526		
0.044	716	-179	434	527		
0.044125	711	-163	437	526		
0.04425	705	-146	436	526		
0.044375	699	-129	439	526		
0.0445	692	-112	439	525		
0.044625	684	-96	441	523		
0.04475	677	-81	440	523		
0.044875	671	-65	443	523		
0.045	666	-50	445	525		
0.045125	660	-35	444	525		
0.04525	654	-19	447	526		
0.045375	651	-3	447	530		
0.0455	645	8	448	530		
0.045625	643	12	449	530		
0.04575	637	18	451	526		
0.045875	630	28	452	525		
0.046	620	43	455	523		
0.046125	608	62	454	523		
0.04625	595	82	456	521		
0.046375	582	103	457	521		
0.0465	569	123	459	521		
0.046625	556	145	460	522		
0.04675	539	169	460	523		
0.046875	520	193	462	521		
0.047	504	221	464	526		
0.047125	487	244	464	526		
0.04725	472	265	466	528		
0.047375	454	285	467	527		
0.0475	436	306	468	527		
0.047625	420	323	470	526		
0.04775	400	344	471	526		
0.047875	382	363	471	527		
0.048	364	383	473	528		
0.048125	346	403	475	530		
0.04825	328	423	477	532		
0.048375	309	440	478	532		
0.0485	290	458	479	533		
0.048625	271	474	481	532		
0.04875	252	489	482	532		
0.048875	233	505	484	533		
0.049	214	518	485	532		
0.049125	195	533	486	532		
0.04925	176	546	488	531		
0.049375	159	559	487	533		
0.0495	141	572	489	533		
0.049625	120	587	493	534		
0.04975	100	601	492	535		
0.049875	81	612	495	535		
0.05	62	624	496	535		
0.050125	45	633	497	535		
0.05025	27	640	499	533		
0.050375	17	649	498	536		
0.0505	9	658	500	540		
0.050625	-1	664	500	542		
0.05075	-16	672	503	542		
0.050875	-32	678	504	540		
0.051	-46	683	504	540		
0.051125	-62	689	506	538		
0.05125	-81	695	507	537		
0.051375	-102	701	506	535		
0.0515	-123	708	511	535		
0.051625	-146	717	510	535		
0.05175	-170	723	511	534		
0.051875	-196	731	513	535		
0.052	-221	739	515	536		
0.052125	-245	746	513	537		
0.05225	-271	751	516	538		
0.052375	-295	759	516	540		
0.0525	-320	765	518	543		
0.052625	-345	772	519	545		
0.05275	-370	778	521	549		
0.052875	-394	783	522	552		
0.053	-417	785	524	555		
0.053125	-438	786	526	555		
0.05325	-458	785	524	557		
0.053375	-477	784	527	557		
0.0535	-498	785	529	560		
0.053625	-516	784	530	562		
0.05375	-535	782	532	564		
0.053875	-552	779	533	565		
0.054	-569	774	535	566		
0.054125	-583	769	535	566		
0.05425	-599	762	536	565		
0.054375	-614	756	539	567		
0.0545	-629	750	540	568		
0.054625	-644	742	543	569		
0.05475	-655	733	544	567		
0.054875	-666	721	543	566		
0.055	-677	710	544	565		
0.055125	-688	703	546	567		
0.05525	-700	695	549	569		
0.055375	-707	687	551	568		
0.0555	-711	678	550	567		
0.055625	-713	668	551	564		
0.05575	-719	659	554	563		
0.055875	-726	647	555	562		
0.056	-733	632	556	561		
0.056125	-738	617	558	559		
0.05625	-746	601	557	558		
0.056375	-752	582	558	557		
0.0565	-760	563	559	557		
0.056625	-770	545	559	559		
0.05675	-778	526	563	560		
0.056875	-786	505	562	562		
0.057	-792	483	566	563		
0.057125	-796	461	565	564		
0.05725	-797	436	566	563		
0.057375	-800	413	568	564		
0.0575	-804	391	568	567		
0.057625	-805	367	569	568		
0.05775	-807	345	572	571		
0.057875	-809	322	571	574		
0.058	-809	300	575	576		
0.058125	-809	277	575	579		
0.05825	-806	254	575	580		
0.058375	-803	231	582	583		
0.0585	-801	204	578	586		
0.058625	-792	179	582	585		
0.05875	-787	154	582	587		
0.058875	-779	131	584	587		
0.059	-772	108	588	588		
0.059125	-764	84	585	590		
0.05925	-752	60	587	588		
0.059375	-745	40	590	591		
0.0595	-737	22	591	591		
0.059625	-726	11	594	586		
0.05975	-716	-1	593	584		
0.059875	-705	-24	595	584		
0.06	-697	-40	597	584		
0.060125	-686	-57	597	583		
0.06025	-671	-77	599	580		
0.060375	-656	-99	601	579		
0.0605	-640	-123	601	577		
0.060625	-619	-149	602	574		
0.06075	-598	-176	607	572		
0.060875	-576	-204	603	570		
0.061	-551	-232	607	567		
0.061125	-528	-261	605	567		
0.06125	-503	-290	608	566		
0.061375	-480	-319	608	567		
0.0615	-457	-349	609	570		
0.061625	-432	-378	610	571		
0.06175	-408	-405	612	574		
0.061875	-385	-432	614	576		
0.062	-358	-459	616	577		
0.062125	-333	-483	614	579		
0.06225	-307	-506	616	579		
0.062375	-282	-531	617	581		
0.0625	-258	-555	618	585		
0.062625	-233	-578	620	588		
0.06275	-208	-600	623	591		
0.062875	-182	-621	622	593		
0.063	-156	-639	624	594		
0.063125	-131	-658	625	596		
0.06325	-106	-675	625	597		
0.063375	-82	-692	627	600		
0.0635	-57	-709	630	602		
0.063625	-35	-723	632	604		
0.06375	-12	-734	632	603		
0.063875	7	-740	635	600		
0.064	14	-746	636	601		
0.064125	24	-751	638	602		
0.06425	43	-757	639	599		
0.064375	67	-762	640	594		
0.0645	93	-767	642	589		
0.064625	121	-774	643	586		
0.06475	153	-780	645	582		
0.064875	180	-785	647	579		
0.065	209	-788	645	575		
0.065125	241	-792	646	572		
0.06525	270	-798	649	572		
0.065375	301	-805	650	574		
0.0655	333	-808	651	573		
0.065625	365	-810	653	572		
0.06575	396	-811	652	572		
0.065875	425	-811	657	572		
0.066	454	-810	654	573		
0.066125	480	-806	656	572		
0.06625	507	-804	658	574		
0.066375	532	-801	658	576		
0.0665	556	-800	658	579		
0.066625	579	-797	660	581		
0.06675	603	-794	663	585		
0.066875	625	-789	661	588		
0.067	643	-781	665	588		
0.067125	664	-774	666	591		
0.06725	680	-764	666	591		
0.067375	695	-753	668	592		
0.0675	708	-745	669	593		
0.067625	719	-737	671	593		
0.06775	729	-728	670	593		
0.067875	735	-719	674	592		
0.068	744	-707	675	591		
0.068125	751	-690	674	588		
0.06825	759	-671	677	586		
0.068375	768	-650	679	583		
0.0685	776	-628	680	581		
0.068625	784	-602	680	579		
0.06875	790	-576	684	576		
0.068875	797	-549	682	576		
0.069	802	-521	685	574		
0.069125	810	-492	687	576		
0.06925	812	-463	689	576		
0.069375	815	-433	689	576		
0.0695	815	-403	688	576		
0.069625	817	-372	692	578		
0.06975	818	-343	695	581		
0.069875	815	-313	694	581		
0.07	809	-282	694	580		
0.070125	805	-252	697	581		
0.07025	799	-223	700	583		
0.070375	791	-192	699	583		
0.0705	782	-162	701	583		
0.070625	772	-132	702	583		
0.07075	761	-104	704	583		
0.070875	750	-75	703	584		
0.071	737	-48	707	583		
0.071125	726	-22	706	584		
0.07125	715	3	708	585		
0.071375	705	15	709	581		
0.0715	694	26	710	577		
0.071625	680	47	713	574		
0.07175	663	73	714	573		
0.071875	641	103	714	569		
0.072	617	132	715	564		
0.072125	591	170	716	564		
0.07225	566	208	717	566		
0.072375	538	242	717	564		
0.0725	511	277	721	565		
0.072625	479	312	719	563		
0.07275	448	347	722	564		
0.072875	419	384	723	568		
0.073	387	420	724	570		
0.073125	354	455	724	573		
0.07325	320	488	726	574		
0.073375	290	521	729	580		
0.0735	257	549	727	581		
0.073625	227	578	731	586		
0.07375	194	606	732	589		
0.073875	165	631	735	593		
0.074	133	653	734	593		
0.074125	99	672	736	592		
0.07425	70	692	738	593		
0.074375	42	709	740	595		
0.0745	18	724	742	598		
0.074625	4	735	740	601		
0.07475	-18	743	745	599		
0.074875	-43	750	744	596		
0.075	-65	756	749	592		
0.075125	-91	764	750	589		
0.07525	-119	768	748	584		
0.075375	-150	773	751	579		
0.0755	-183	782	751	578		
0.075625	-218	790	754	576		
0.07575	-256	799	756	576		
0.075875	-292	804	755	575		
0.076	-328	807	756	574		
0.076125	-364	812	757	574		
0.07625	-400	816	759	576		
0.076375	-436	819	760	579		
0.0765	-470	820	759	581		
0.076625	-503	819	760	583		
0.07675	-538	819	762	587		
0.076875	-569	819	764	591		
0.077	-598	815	766	595		
0.077125	-626	808	767	597		
0.07725	-649	798	764	598		
0.077375	-672	787	766	599		
0.0775	-697	780	769	603		
0.077625	-719	772	771	608		
0.07775	-740	760	773	610		
0.077875	-756	747	773	612		
0.078	-766	735	772	612		
0.078125	-776	725	776	612		
0.07825	-787	714	776	614		
0.078375	-797	697	780	612		
0.0785	-807	678	781	612		
0.078625	-815	653	780	609		
0.07875	-821	625	780	605		
0.078875	-831	598	785	605		
0.079	-840	569	784	605		
0.079125	-847	535	787	605		
0.07925	-852	502	787	605		
0.079375	-857	468	789	605		
0.0795	-861	429	788	607		
0.079625	-863	394	793	609		
0.07975	-866	359	792	614		
0.079875	-864	322	795	615		
0.08	-862	284	796	619		
0.080125	-856	248	799	620		
0.08025	-847	210	797	621		
0.080375	-837	170	799	623		
0.0805	-829	135	800	626		
0.080625	-818	101	801	628		
0.08075	-807	67	803	630		
0.080875	-794	36	806	632		
0.081	-778	16	807	627		
0.081125	-762	-6	806	623		
0.08125	-748	-35	806	624		
0.081375	-734	-57	809	622		
0.0815	-720	-84	811	624		
0.081625	-701	-116	812	623		
0.08175	-674	-150	814	619		
0.081875	-647	-187	815	617		
0.082	-615	-224	814	612		
0.082125	-583	-263	815	610		
0.08225	-552	-304	816	612		
0.082375	-519	-345	820	614		
0.0825	-485	-388	818	617		
0.082625	-448	-428	821	618		
0.08275	-412	-469	822	621		
0.082875	-373	-507	823	623		
0.083	-334	-544	825	625		
0.083125	-297	-579	822	628		
0.08325	-258	-612	825	630		
0.083375	-221	-645	828	634		
0.0835	-183	-678	827	639		
0.083625	-146	-708	829	644		
0.08375	-108	-734	832	646		
0.083875	-71	-759	833	649		
0.084	-36	-777	836	648		
0.084125	-3	-790	835	645		
0.08425	15	-800	835	645		
0.084375	29	-809	836	647		
0.0845	55	-822	841	648		
0.084625	85	-835	841	648		
0.08475	123	-844	843	642		
0.084875	165	-850	844	635		
0.085	203	-855	847	629		
0.085125	240	-859	846	625		
0.08525	279	-863	849	621		
0.085375	321	-867	849	617		
0.0855	363	-869	849	615		
0.085625	407	-872	853	615		
0.08575	449	-874	853	617		
0.085875	491	-872	855	617		
0.086	531	-870	857	619		
0.086125	566	-864	857	620		
0.08625	599	-856	857	620		
0.086375	632	-848	858	622		
0.0865	663	-840	861	625		
0.086625	691	-831	861	628		
0.08675	717	-818	864	629		
0.086875	740	-804	864	631		
0.087	756	-788	864	629		
0.087125	769	-775	866	629		
0.08725	780	-764	867	629		
0.087375	792	-749	869	628		
0.0875	802	-727	870	625		
0.087625	811	-701	872	621		
0.08775	821	-671	872	617		
0.087875	827	-638	871	611		
0.088	834	-605	875	608		
0.088125	844	-570	875	608		
0.08825	851	-532	877	607		
0.088375	856	-494	878	607		
0.0885	860	-453	880	608		
0.088625	862	-412	881	609		
0.08875	860	-370	880	610		
0.088875	858	-327	883	612		
0.089	855	-286	884	615		
0.089125	849	-244	883	617		
0.08925	843	-201	884	622		
0.089375	836	-159	889	627		
0.0895	827	-118	889	632		
0.089625	813	-77	891	634		
0.08975	796	-38	892	634		
0.089875	782	-3	893	637		
0.09	768	19	895	634		
0.090125	754	36	896	630		
0.09025	737	65	898	629		
0.090375	713	102	899	627		
0.0905	684	139	900	622		
0.090625	651	187	902	622		
0.09075	617	227	905	617		
0.090875	576	268	904	610		
0.091	540	308	906	607		
0.091125	498	351	907	603		
0.09125	453	396	909	600		
0.091375	407	441	910	599		
0.0915	361	484	911	598		
0.091625	315	524	913	598		
0.09175	271	563	914	600		
0.091875	225	600	914	602		
0.092	181	634	915	603		
0.092125	137	666	917	606		
0.09225	93	697	916	608		
0.092375	51	726	917	612		
0.0925	20	754	918	622		
0.092625	-3	778	920	633		
0.09275	-41	796	921	632		
0.092875	-71	810	924	634		
0.093	-103	823	925	634		
0.093125	-140	834	924	631		
0.09325	-178	846	927	630		
0.093375	-220	858	928	630		
0.0935	-264	868	929	629		
0.093625	-308	876	931	628		
0.09375	-354	882	930	627		
0.093875	-399	886	932	627		
0.094	-444	891	936	629		
0.094125	-489	892	935	631		
0.09425	-531	888	936	631		
0.094375	-570	884	938	632		
0.0945	-612	879	939	636		
0.094625	-648	871	940	638		
0.09475	-684	859	942	640		
0.094875	-718	846	943	643		
0.095	-747	831	946	645		
0.095125	-774	814	945	647		
0.09525	-797	795	946	648		
0.095375	-815	781	949	650		
0.0955	-830	766	949	651		
0.095625	-842	747	952	651		
0.09575	-855	723	954	650		
0.095875	-864	693	954	646		
0.096	-872	660	955	642		
0.096125	-880	623	955	639		
0.09625	-888	584	959	637		
0.096375	-896	543	959	637		
0.0965	-900	500	959	637		
0.096625	-904	455	961	637		
0.09675	-906	409	964	640		
0.096875	-906	362	963	643		
0.097	-902	314	963	646		
0.097125	-897	266	965	649		
0.09725	-891	218	967	654		
0.097375	-882	167	969	660		
0.0975	-870	119	967	663		
0.097625	-854	74	971	666		
0.09775	-838	34	972	668		
0.097875	-819	9	973	663		
0.098	-803	-29	973	666		
0.098125	-785	-60	975	666		
0.09825	-765	-95	978	665		
0.098375	-738	-132	980	662		
0.0985	-704	-175	978	656		
0.098625	-669	-219	980	653		
0.09875	-632	-267	982	651		
0.098875	-593	-316	983	651		
0.099	-550	-366	984	650		
0.099125	-504	-416	984	650		
0.09925	-459	-466	986	652		
0.099375	-411	-516	989	655		
0.0995	-361	-563	989	656		
0.099625	-312	-607	990	659		
0.09975	-262	-650	989	662		
0.099875	-211	-691	992	665		
0.1	-163	-730	994	670		
0.100125	-113	-766	995	674		
0.10025	-65	-796	995	676		
0.100375	-23	-822	999	679		
0.1005	13	-842	999	680		
0.100625	33	-854	1001	682		
0.10075	65	-865	1002	680		
0.100875	105	-876	1004	675		
0.101	149	-885	1005	668		
0.101125	192	-892	1006	662		
0.10125	237	-899	1008	656		
0.101375	285	-904	1009	651		
0.1015	333	-907	1010	647		
0.101625	383	-910	1010	644		
0.10175	435	-911	1014	643		
0.101875	488	-911	1012	644		
0.102	537	-907	1015	644		
0.102125	586	-903	1016	647		
0.10225	631	-895	1017	649		
0.102375	672	-885	1017	651		
0.1025	709	-873	1019	655		
0.102625	746	-860	1020	659		
0.10275	777	-843	1023	661		
0.102875	802	-826	1024	663		
0.103	819	-809	1022	663		
0.103125	832	-790	1024	662		
0.10325	850	-770	1026	663		
0.103375	866	-743	1026	661		
0.1035	880	-712	1029	659		
0.103625	894	-675	1031	658		
0.10375	903	-634	1030	655		
0.103875	908	-589	1031	651		
0.104	916	-542	1035	651		
0.104125	920	-493	1034	651		
0.10425	919	-442	1035	649		
0.104375	917	-391	1035	650		
0.1045	914	-340	1036	653		
0.104625	907	-288	1039	655		
0.10475	901	-235	1041	660		
0.104875	887	-180	1042	662		
0.105	869	-127	1043	663		
0.105125	848	-74	1045	663		
0.10525	828	-25	1046	665		
0.105375	810	15	1046	667		
0.1055	792	39	1048	663		
0.105625	771	76	1049	662		
0.10575	743	123	1052	662		
0.105875	707	167	1053	656		
0.106	668	225	1054	656		
0.106125	623	274	1056	649		
0.10625	584	325	1057	651		
0.106375	533	380	1057	649		
0.1065	481	434	1059	647		
0.106625	426	488	1060	646		
0.10675	370	540	1061	646		
0.106875	314	590	1063	649		
0.107	261	638	1064	653		
0.107125	206	682	1068	656		
0.10725	152	723	1067	660		
0.107375	97	756	1068	658		
0.1075	46	786	1068	660		
0.107625	14	815	1072	670		
0.10775	-25	834	1071	670		
0.107875	-65	848	1073	667		
0.108	-105	863	1077	666		
0.108125	-149	876	1075	662		
0.10825	-196	886	1077	657		
0.108375	-247	896	1079	654		
0.1085	-298	904	1081	651		
0.108625	-351	909	1079	648		
0.10875	-406	912	1083	645		
0.108875	-459	917	1083	647		
0.109	-513	916	1083	648		
0.109125	-565	913	1083	650		
0.10925	-616	910	1087	655		
0.109375	-667	903	1087	661		
0.1095	-712	892	1087	665		
0.109625	-757	880	1091	671		
0.10975	-795	864	1089	676		
0.109875	-830	844	1090	680		
0.11	-858	828	1096	687		
0.110125	-878	812	1093	690		
0.11025	-893	788	1096	690		
0.110375	-908	759	1099	687		
0.1105	-920	726	1098	685		
0.110625	-929	685	1098	680		
0.11075	-935	642	1102	675		
0.110875	-942	596	1102	673		
0.111	-947	544	1105	670		
0.111125	-948	489	1104	669		
0.11125	-946	432	1106	668		
0.111375	-945	376	1108	670		
0.1115	-939	316	1108	673		
0.111625	-930	257	1109	676		
0.11175	-919	195	1113	682		
0.111875	-906	134	1111	688		
0.112	-888	75	1114	693		
0.112125	-867	28	1115	694		
0.11225	-847	-5	1116	692		
0.112375	-828	-54	1118	697		
0.1125	-805	-96	1117	699		
0.112625	-775	-142	1119	697		
0.11275	-741	-192	1123	695		
0.112875	-703	-247	1122	695		
0.113	-656	-301	1126	690		
0.113125	-608	-357	1123	688		
0.11325	-557	-413	1125	687		
0.113375	-504	-470	1128	687		
0.1135	-451	-526	1128	690		
0.113625	-393	-580	1129	691		
0.11375	-334	-633	1130	692		
0.113875	-274	-682	1131	695		
0.114	-214	-729	1135	697		
0.114125	-155	-772	1135	699		
0.11425	-95	-808	1137	699		
0.114375	-38	-842	1136	702		
0.1145	10	-864	1139	700		
0.114625	37	-884	1140	705		
0.11475	77	-900	1141	704		
0.114875	125	-914	1142	699		
0.115	178	-926	1142	693		
0.115125	231	-938	1146	689		
0.11525	288	-948	1146	685		
0.115375	347	-954	1149	680		
0.1155	405	-956	1148	678		
0.115625	465	-955	1150	674		
0.11575	525	-954	1150	675		
0.115875	584	-950	1153	676		
0.116	640	-945	1153	680		
0.116125	690	-935	1153	684		
0.11625	737	-923	1155	689		
0.116375	782	-907	1158	694		
0.1165	821	-888	1157	698		
0.116625	851	-868	1159	701		
0.11675	873	-850	1161	703		
0.116875	892	-825	1163	702		
0.117	906	-792	1165	697		
0.117125	918	-753	1163	691		
0.11725	927	-708	1167	684		
0.117375	936	-660	1167	679		
0.1175	940	-608	1169	673		
0.117625	944	-554	1169	670		
0.11775	945	-495	1172	668		
0.117875	942	-437	1170	666		
0.118	938	-375	1174	668		
0.118125	930	-313	1173	669		
0.11825	917	-249	1176	670		
0.118375	902	-186	1175	673		
0.1185	883	-123	1179	675		
0.118625	862	-60	1179	680		
0.11875	838	-4	1181	682		
0.118875	818	34	1180	682		
0.119	794	74	1183	680		
0.119125	764	126	1183	681		
0.11925	728	185	1184	682		
0.119375	684	241	1185	678		
0.1195	634	298	1186	673		
0.119625	583	361	1189	673		
0.11975	525	421	1190	670		
0.119875	464	481	1193	668		
0.12	402	541	1191	668		
0.120125	338	599	1192	670		
0.12025	275	653	1193	673		
0.120375	214	705	1197	679		
0.1205	149	753	1195	682		
0.120625	86	797	1200	687		
0.12075	31	834	1202	692		
0.120875	-5	863	1200	702		
0.121	-57	883	1206	698		
0.121125	-103	899	1203	695		
0.12125	-151	910	1206	689		
0.121375	-204	924	1205	686		
0.1215	-262	936	1208	682		
0.121625	-322	946	1212	680		
0.12175	-383	952	1210	676		
0.121875	-444	952	1213	673		
0.122	-504	952	1212	673		
0.122125	-563	948	1214	673		
0.12225	-621	943	1213	677		
0.122375	-678	935	1218	681		
0.1225	-732	921	1218	686		
0.122625	-780	902	1217	690		
0.12275	-823	882	1220	695		
0.122875	-862	859	1221	700		
0.123	-890	838	1224	704		
0.123125	-912	816	1221	707		
0.12325	-931	784	1224	707		
0.123375	-946	746	1225	704		
0.1235	-960	703	1226	702		
0.123625	-971	655	1228	699		
0.12375	-978	601	1229	697		
0.123875	-983	544	1229	695		
0.124	-983	482	1232	694		
0.124125	-981	418	1233	695		
0.12425	-974	351	1233	696		
0.124375	-964	284	1235	698		
0.1245	-951	218	1236	702		
0.124625	-934	146	1235	708		
0.12475	-912	80	1238	711		
0.124875	-887	26	1241	711		
0.125	-862	-19	1241	710		
0.125125	-837	-71	1241	713		
0.12525	-806	-122	1245	711		
0.125375	-767	-177	1243	708		
0.1255	-723	-237	1246	705		
0.125625	-673	-299	1249	702		
0.12575	-619	-363	1247	701		
0.125875	-563	-427	1251	700		
0.126	-500	-491	1252	699		
0.126125	-436	-555	1252	700		
0.12625	-370	-616	1254	702		
0.126375	-302	-676	1255	706		
0.1265	-235	-730	1253	709		
0.126625	-165	-782	1258	712		
0.12675	-98	-828	1261	717		
0.126875	-34	-868	1258	721		
0.127	18	-897	1260	724		
0.127125	52	-919	1264	728		
0.12725	102	-938	1261	726		
0.127375	162	-953	1266	719		
0.1275	217	-964	1268	714		
0.127625	277	-973	1267	707		
0.12775	339	-978	1271	700		
0.127875	403	-981	1270	695		
0.128	467	-979	1274	691		
0.128125	530	-975	1272	689		
0.12825	592	-966	1273	687		
0.128375	651	-956	1275	689		
0.1285	706	-941	1276	692		
0.128625	756	-923	1275	695		
0.12875	803	-901	1278	698		
0.128875	841	-876	1280	700		
0.129	869	-853	1280	702		
0.129125	892	-825	1281	702		
0.12925	913	-789	1283	699		
0.129375	929	-747	1282	695		
0.1295	943	-699	1283	691		
0.129625	954	-645	1286	687		
0.12975	962	-587	1287	685		
0.129875	967	-526	1288	684		
0.13	968	-463	1286	684		
0.130125	965	-396	1289	685		
0.13025	957	-328	1291	687		
0.130375	946	-259	1291	690		
0.1305	929	-190	1292	693		
0.130625	908	-121	1294	696		
0.13075	882	-53	1295	699		
0.130875	856	5	1297	700		
0.131	831	45	1297	697		
0.131125	800	93	1298	694		
0.13125	760	152	1301	691		
0.131375	710	216	1302	685		
0.1315	662	276	1304	681		
0.131625	603	340	1302	675		
0.13175	540	406	1306	670		
0.131875	470	474	1305	667		
0.132	398	540	1308	666		
0.132125	325	605	1311	666		
0.13225	253	666	1307	670		
0.132375	181	723	1311	675		
0.1325	107	776	1312	680		
0.132625	41	824	1315	687		
0.13275	-5	862	1316	700		
0.132875	-65	890	1315	700		
0.133	-118	914	1318	702		
0.133125	-175	936	1320	703		
0.13325	-236	952	1321	701		
0.133375	-299	965	1323	698		
0.1335	-363	975	1324	697		
0.133625	-428	982	1326	695		
0.13375	-493	983	1326	695		
0.133875	-556	981	1327	695		
0.134	-616	973	1330	695		
0.134125	-674	961	1331	697		
0.13425	-729	945	1332	699		
0.134375	-779	924	1332	701		
0.1345	-824	898	1334	703		
0.134625	-863	868	1333	705		
0.13475	-891	841	1337	707		
0.134875	-913	810	1336	706		
0.135	-930	772	1338	703		
0.135125	-944	727	1339	698		
0.13525	-956	674	1338	694		
0.135375	-964	615	1341	690		
0.1355	-970	552	1340	687		
0.135625	-973	484	1342	686		
0.13575	-972	412	1344	689		
0.135875	-966	340	1344	691		
0.136	-959	266	1346	697		
0.136125	-945	188	1343	704		
0.13625	-928	111	1347	713		
0.136375	-905	44	1345	718		
0.1365	-880	-2	1348	716		
0.136625	-855	-63	1349	723		
0.13675	-826	-117	1350	725		
0.136875	-788	-176	1352	724		
0.137	-741	-237	1353	720		
0.137125	-689	-301	1354	716		
0.13725	-632	-367	1352	713		
0.137375	-569	-432	1357	709		
0.1375	-504	-498	1356	707		
0.137625	-434	-561	1359	704		
0.13775	-361	-622	1360	702		
0.137875	-288	-683	1361	704		
0.138	-213	-738	1363	704		
0.138125	-137	-790	1364	706		
0.13825	-64	-836	1367	708		
0.138375	3	-872	1366	709		
0.1385	46	-898	1369	714		
0.138625	103	-921	1367	713		
0.13875	167	-940	1372	708		
0.138875	231	-956	1372	704		
0.139	299	-967	1374	699		
0.139125	369	-976	1374	696		
0.13925	441	-980	1377	692		
0.139375	512	-981	1377	692		
0.1395	582	-977	1378	694		
0.139625	648	-969	1381	697		
0.13975	709	-957	1382	701		
0.139875	765	-940	1383	706		
0.14	815	-917	1385	709		
0.140125	857	-891	1385	713		
0.14025	886	-865	1386	714		
0.140375	908	-836	1387	713		
0.1405	928	-795	1387	709		
0.140625	943	-748	1391	703		
0.14075	954	-694	1391	697		
0.140875	961	-634	1393	690		
0.141	965	-568	1392	685		
0.141125	965	-499	1393	682		
0.14125	960	-428	1392	680		
0.141375	951	-352	1395	680		
0.1415	938	-276	1393	680		
0.141625	917	-199	1398	682		
0.14175	894	-122	1396	685		
0.141875	866	-47	1399	688		
0.142	838	16	1399	690		
0.142125	809	63	1400	687		
0.14225	773	126	1399	688		
0.142375	727	194	1401	687		
0.1425	673	260	1401	681		
0.142625	621	328	1405	681		
0.14275	556	400	1402	678		
0.142875	483	472	1406	675		
0.143	410	543	1406	675		
0.143125	333	612	1408	677		
0.14325	258	677	1408	681		
0.143375	184	737	1411	687		
0.1435	106	791	1410	691		
0.143625	36	839	1413	698		
0.14375	-11	877	1413	711		
0.143875	-73	903	1415	709		
0.144	-129	925	1416	708		
0.144125	-191	944	1420	705		
0.14425	-255	956	1418	699		
0.144375	-320	966	1423	695		
0.1445	-389	971	1422	691		
0.144625	-457	973	1425	687		
0.14475	-526	968	1426	685		
0.144875	-592	960	1427	685		
0.145	-657	948	1427	685		
0.145125	-719	930	1429	688		
0.14525	-775	908	1430	692		
0.145375	-826	880	1431	696		
0.1455	-868	850	1431	699		
0.145625	-898	823	1433	703		
0.14575	-923	787	1434	704		
0.145875	-944	744	1436	702		
0.146	-960	692	1438	699		
0.146125	-973	633	1436	697		
0.14625	-981	568	1439	695		
0.146375	-985	498	1439	695		
0.1465	-985	424	1443	697		
0.146625	-980	348	1441	700		
0.14675	-971	273	1443	705		
0.146875	-956	189	1443	713		
0.147	-936	109	1444	720		
0.147125	-910	40	1443	724		
0.14725	-880	-8	1445	720		
0.147375	-852	-72	1445	725		
0.1475	-813	-130	1449	721		
0.147625	-766	-194	1450	716		
0.14775	-713	-261	1450	711		
0.147875	-653	-331	1451	707		
0.148	-587	-402	1452	702		
0.148125	-518	-473	1453	699		
0.14825	-444	-543	1453	697		
0.148375	-363	-612	1453	695		
0.1485	-284	-677	1455	696		
0.148625	-202	-739	1454	698		
0.14875	-120	-795	1456	702		
0.148875	-41	-846	1458	706		
0.149	25	-884	1461	710		
0.149125	75	-913	1461	716		
0.14925	140	-938	1463	714		
0.149375	211	-959	1462	711		
0.1495	280	-974	1463	707		
0.149625	351	-985	1466	704		
0.14975	426	-991	1467	702		
0.149875	501	-992	1469	700		
0.15	572	-988	1470	701		
0.150125	641	-981	1473	703		
0.15025	705	-968	1472	707		
0.150375	764	-948	1474	709		
0.1505	814	-922	1475	711		
0.150625	857	-892	1475	713		
0.15075	887	-861	1479	713		
0.150875	907	-826	1479	709		
0.151	926	-780	1483	703		
0.151125	938	-726	1481	695		
0.15125	949	-665	1482	687		
0.151375	955	-598	1484	682		
0.1515	957	-526	1483	678		
0.151625	954	-451	1488	675		
0.15175	947	-370	1486	675		
0.151875	934	-288	1486	676		
0.152	915	-205	1488	678		
0.152125	892	-122	1487	682		
0.15225	862	-41	1490	687		
0.152375	834	28	1490	692		
0.1525	804	79	1490	690		
0.152625	764	147	1490	692		
0.15275	717	220	1492	693		
0.152875	662	290	1493	690		
0.153	596	364	1493	685		
0.153125	527	440	1495	684		
0.15325	451	513	1494	681		
0.153375	371	585	1496	680		
0.1535	292	654	1497	685		
0.153625	213	719	1499	690		
0.15375	133	778	1500	694		
0.153875	55	828	1500	697		
0.154	2	870	1501	710		
0.154125	-65	900	1503	709		
0.15425	-124	922	1504	707		
0.154375	-189	941	1506	703		
0.1545	-258	954	1507	698		
0.154625	-329	964	1508	692		
0.15475	-401	968	1510	687		
0.154875	-474	969	1511	685		
0.155	-546	964	1511	683		
0.155125	-617	953	1514	682		
0.15525	-684	938	1513	685		
0.155375	-748	918	1518	689		
0.1555	-806	891	1515	693		
0.155625	-856	859	1517	698		
0.15575	-893	831	1520	703		
0.155875	-921	795	1520	704		
0.156	-944	751	1521	704		
0.156125	-962	698	1522	702		
0.15625	-976	637	1523	699		
0.156375	-984	568	1526	697		
0.1565	-988	494	1525	697		
0.156625	-986	417	1526	698		
0.15675	-981	337	1528	702		
0.156875	-968	256	1529	707		
0.157	-952	168	1530	715		
0.157125	-926	86	1530	721		
0.15725	-896	23	1530	720		
0.157375	-865	-43	1534	722		
0.1575	-830	-104	1532	722		
0.157625	-784	-169	1535	718		
0.15775	-730	-240	1536	713		
0.157875	-669	-313	1535	707		
0.158	-601	-386	1536	702		
0.158125	-529	-461	1539	699		
0.15825	-451	-536	1538	697		
0.158375	-368	-608	1538	695		
0.1585	-283	-676	1540	695		
0.158625	-196	-741	1540	697		
0.15875	-110	-801	1543	701		
0.158875	-25	-853	1542	705		
0.159	38	-891	1542	710		
0.159125	95	-923	1545	716		
0.15925	171	-946	1543	711		
0.159375	242	-966	1546	709		
0.1595	317	-981	1549	707		
0.159625	394	-990	1547	704		
0.15975	474	-993	1548	701		
0.159875	550	-991	1552	701		
0.16	622	-984	1552	703		
0.160125	690	-972	1552	706		
0.16025	753	-954	1554	710		
0.160375	810	-929	1555	714		
0.1605	855	-897	1555	715		
0.160625	889	-865	1559	715		
0.16075	912	-826	1559	711		
0.160875	931	-778	1559	705		
0.161	944	-720	1563	697		
0.161125	954	-656	1563	689		
0.16125	958	-585	1563	682		
0.161375	960	-508	1567	679		
0.1615	955	-428	1565	676		
0.161625	943	-343	1568	675		
0.16175	927	-257	1569	677		
0.161875	904	-168	1568	679		
0.162	875	-81	1569	683		
0.162125	842	0	1572	687		
0.16225	812	59	1571	688		
0.162375	773	128	1571	689		
0.1625	724	207	1574	690		
0.162625	666	279	1574	687		
0.16275	597	356	1574	681		
0.162875	525	436	1578	680		
0.163	446	515	1576	680		
0.163125	361	591	1577	679		
0.16325	278	664	1579	683		
0.163375	194	733	1579	690		
0.1635	106	793	1580	692		
0.163625	33	847	1581	703		
0.16375	-26	887	1581	713		
0.163875	-94	916	1583	711		
0.164	-160	939	1584	710		
0.164125	-229	958	1587	707		
0.16425	-302	970	1586	701		
0.164375	-376	976	1587	696		
0.1645	-450	978	1588	692		
0.164625	-525	974	1588	689		
0.16475	-596	965	1589	687		
0.164875	-667	948	1592	687		
0.165	-733	927	1592	690		
0.165125	-793	899	1592	693		
0.16525	-846	865	1594	697		
0.165375	-885	831	1595	699		
0.1655	-914	793	1594	701		
0.165625	-938	745	1597	699		
0.16575	-956	687	1600	696		
0.165875	-969	621	1598	693		
0.166	-977	548	1599	691		
0.166125	-980	470	1599	692		
0.16625	-978	386	1601	695		
0.166375	-970	302	1602	700		
0.1665	-956	211	1603	707		
0.166625	-935	120	1607	716		
0.16675	-907	42	1605	721		
0.166875	-876	-17	1604	720		
0.167	-844	-90	1609	727		
0.167125	-801	-156	1608	725		
0.16725	-748	-230	1610	721		
0.167375	-687	-304	1612	716		
0.1675	-618	-381	1613	711		
0.167625	-544	-457	1612	707		
0.16775	-464	-531	1615	702		
0.167875	-379	-604	1615	700		
0.168	-291	-675	1618	699		
0.168125	-201	-741	1616	700		
0.16825	-111	-802	1619	702		
0.168375	-23	-853	1620	704		
0.1685	42	-889	1619	707		
0.168625	107	-920	1622	710		
0.16875	186	-943	1622	705		
0.168875	262	-960	1624	701		
0.169	342	-974	1625	697		
0.169125	425	-980	1627	694		
0.16925	508	-981	1626	692		
0.169375	589	-977	1628	695		
0.1695	665	-967	1627	698		
0.169625	735	-951	1628	703		
0.16975	797	-927	1630	709		
0.169875	851	-898	1633	713		
0.17	889	-866	1631	716		
0.170125	919	-829	1632	715		
0.17025	940	-780	1634	711		
0.170375	957	-722	1635	704		
0.1705	969	-657	1634	699		
0.170625	974	-585	1635	693		
0.17075	975	-506	1638	689		
0.170875	970	-423	1639	687		
0.171	957	-337	1641	686		
0.171125	937	-248	1639	686		
0.17125	912	-158	1641	688		
0.171375	877	-68	1641	690		
0.1715	841	10	1642	690		
0.171625	806	72	1641	689		
0.17175	757	148	1644	687		
0.171875	698	228	1646	682		
0.172	637	306	1645	680		
0.172125	562	388	1646	675		
0.17225	476	471	1647	670		
0.172375	388	554	1649	668		
0.1725	298	634	1646	672		
0.172625	210	709	1649	680		
0.17275	116	776	1650	683		
0.172875	34	836	1654	695		
0.173	-32	883	1653	707		
0.173125	-105	917	1654	709		
0.17325	-176	945	1654	709		
0.173375	-252	966	1658	708		
0.1735	-330	980	1655	705		
0.173625	-408	989	1658	702		
0.17375	-484	993	1660	701		
0.173875	-560	989	1663	700		
0.174	-633	978	1664	701		
0.174125	-701	960	1663	702		
0.17425	-765	935	1664	703		
0.174375	-822	903	1667	705		
0.1745	-869	865	1668	707		
0.174625	-901	827	1669	707		
0.17475	-925	782	1669	703		
0.174875	-943	725	1669	697		
0.175	-956	659	1673	690		
0.175125	-963	584	1673	685		
0.17525	-966	501	1673	682		
0.175375	-962	413	1673	681		
0.1755	-955	321	1673	685		
0.175625	-940	225	1677	692		
0.17575	-918	127	1675	700		
0.175875	-890	40	1676	707		
0.176	-857	-28	1678	709		
0.176125	-823	-104	1677	716		
0.17625	-777	-179	1679	717		
0.176375	-721	-259	1678	716		
0.1765	-656	-340	1679	714		
0.176625	-587	-422	1680	715		
0.17675	-509	-502	1680	713		
0.176875	-427	-579	1684	712		
0.177	-341	-655	1682	714		
0.177125	-251	-725	1683	715		
0.17725	-161	-790	1684	718		
0.177375	-70	-846	1684	719		
0.1775	8	-890	1688	721		
0.177625	67	-919	1688	723		
0.17775	140	-942	1688	717		
0.177875	215	-960	1688	711		
0.178	294	-971	1691	702		
0.178125	376	-977	1693	695		
0.17825	461	-976	1690	689		
0.178375	545	-971	1693	687		
0.1785	624	-959	1694	687		
0.178625	698	-942	1694	690		
0.17875	766	-916	1698	693		
0.178875	824	-883	1697	697		
0.179	870	-848	1700	700		
0.179125	902	-808	1699	700		
0.17925	929	-756	1699	698		
0.179375	949	-695	1702	694		
0.1795	962	-625	1704	690		
0.179625	971	-548	1703	688		
0.17975	972	-466	1707	687		
0.179875	968	-379	1704	689		
0.18	956	-289	1707	692		
0.180125	936	-198	1708	696		
0.18025	908	-107	1709	701		
0.180375	874	-18	1709	705		
0.1805	841	47	1713	706		
0.180625	800	115	1710	704		
0.18075	747	196	1713	703		
0.180875	681	272	1717	695		
0.181	607	350	1715	685		
0.181125	526	434	1714	680		
0.18125	438	516	1717	675		
0.181375	343	596	1717	671		
0.1815	248	673	1717	673		
0.181625	153	743	1721	677		
0.18175	59	806	1719	682		
0.181875	-9	856	1718	695		
0.182	-92	894	1721	695		
0.182125	-169	924	1719	695		
0.18225	-252	946	1722	692		
0.182375	-335	963	1725	691		
0.1825	-420	974	1723	690		
0.182625	-503	978	1724	690		
0.18275	-585	974	1726	692		
0.182875	-664	963	1725	696		
0.183	-737	946	1728	701		
0.183125	-804	920	1726	707		
0.18325	-863	887	1729	712		
0.183375	-906	853	1727	717		
0.1835	-937	815	1729	719		
0.183625	-960	765	1730	716		
0.18375	-977	705	1733	711		
0.183875	-987	634	1732	706		
0.184	-991	554	1737	701		
0.184125	-988	468	1735	697		
0.18425	-978	377	1735	696		
0.184375	-963	285	1737	698		
0.1845	-941	184	1736	703		
0.184625	-909	89	1739	707		
0.18475	-871	14	1739	703		
0.184875	-831	-69	1743	707		
0.185	-783	-145	1743	704		
0.185125	-725	-229	1743	702		
0.18525	-655	-314	1743	697		
0.185375	-579	-400	1745	695		
0.1855	-498	-486	1744	694		
0.185625	-408	-571	1747	693		
0.18575	-314	-653	1748	696		
0.185875	-217	-730	1749	699		
0.186	-120	-801	1748	706		
0.186125	-24	-862	1749	711		
0.18625	47	-907	1751	720		
0.186375	116	-941	1751	724		
0.1865	197	-968	1754	721		
0.186625	278	-986	1756	718		
0.18675	361	-999	1756	714		
0.186875	446	-1003	1757	709		
0.187	530	-1001	1757	707		
0.187125	611	-993	1759	707		
0.18725	686	-978	1760	709		
0.187375	754	-955	1759	711		
0.1875	814	-923	1760	712		
0.187625	862	-883	1764	711		
0.18775	894	-842	1764	709		
0.187875	919	-791	1766	703		
0.188	936	-728	1764	694		
0.188125	948	-656	1764	685		
0.18825	954	-577	1766	679		
0.188375	955	-490	1765	675		
0.1885	948	-398	1767	673		
0.188625	935	-301	1768	674		
0.18875	913	-202	1768	678		
0.188875	884	-102	1770	683		
0.189	847	-7	1769	688		
0.189125	813	65	1769	691		
0.18925	768	148	1770	695		
0.189375	712	232	1771	695		
0.1895	641	315	1770	688		
0.189625	566	404	1771	689		
0.18975	480	491	1773	686		
0.189875	387	575	1773	684		
0.19	295	656	1778	687		
0.190125	202	732	1775	693		
0.19025	105	799	1775	697		
0.190375	27	857	1777	709		
0.1905	-51	899	1776	713		
0.190625	-124	930	1782	714		
0.19075	-200	953	1780	710		
0.190875	-280	968	1782	704		
0.191	-363	977	1784	698		
0.191125	-445	979	1784	692		
0.19125	-526	974	1787	689		
0.191375	-607	962	1789	687		
0.1915	-684	943	1788	687		
0.191625	-755	915	1789	690		
0.19175	-818	880	1790	693		
0.191875	-869	839	1792	696		
0.192	-904	798	1793	697		
0.192125	-931	744	1792	695		
0.19225	-952	679	1793	692		
0.192375	-964	602	1797	687		
0.1925	-972	519	1795	686		
0.192625	-972	428	1798	687		
0.19275	-966	332	1798	692		
0.192875	-953	233	1800	699		
0.193	-931	130	1797	709		
0.193125	-901	41	1799	716		
0.19325	-867	-33	1800	719		
0.193375	-829	-112	1801	724		
0.1935	-777	-192	1801	724		
0.193625	-715	-276	1801	722		
0.19375	-644	-361	1803	719		
0.193875	-568	-446	1804	716		
0.194	-482	-528	1806	713		
0.194125	-390	-607	1806	709		
0.19425	-295	-683	1805	707		
0.194375	-196	-753	1807	707		
0.1945	-97	-816	1808	707		
0.194625	-5	-868	1806	709		
0.19475	64	-906	1807	713		
0.194875	146	-933	1808	709		
0.195	229	-953	1812	702		
0.195125	315	-966	1810	695		
0.19525	405	-972	1811	689		
0.195375	496	-972	1810	686		
0.1955	585	-965	1811	686		
0.195625	669	-952	1812	690		
0.19575	746	-931	1816	696		
0.195875	814	-902	1816	702		
0.196	868	-866	1818	707		
0.196125	905	-827	1817	709		
0.19625	937	-775	1818	707		
0.196375	957	-711	1819	702		
0.1965	973	-638	1819	698		
0.196625	981	-559	1821	695		
0.19675	982	-473	1820	694		
0.196875	976	-381	1824	695		
0.197	961	-285	1823	697		
0.197125	938	-188	1825	701		
0.19725	904	-92	1828	703		
0.197375	866	-1	1827	706		
0.1975	827	68	1827	704		
0.197625	775	148	1831	701		
0.19775	711	234	1831	695		
0.197875	634	316	1832	684		
0.198	550	406	1831	678		
0.198125	455	494	1835	670		
0.19825	355	581	1834	668		
0.198375	256	663	1834	670		
0.1985	151	741	1836	673		
0.198625	51	810	1837	681		
0.19875	-24	864	1843	695		
0.198875	-115	904	1835	695		
0.199	-201	936	1840	696		
0.199125	-290	959	1837	695		
0.19925	-380	975	1839	694		
0.199375	-470	982	1839	694		
0.1995	-556	982	1838	695		
0.199625	-640	974	1840	699		
0.19975	-719	959	1843	704		
0.199875	-791	934	1844	709		
0.2	-855	900	1845	715		
0.200125	-903	862	1843	719		
0.20025	-936	822	1846	721		
0.200375	-961	768	1846	718		
0.2005	-977	702	1845	711		
0.200625	-986	626	1849	704		
0.20075	-988	540	1849	699		
0.200875	-983	448	1849	695		
0.201	-972	350	1851	695		
0.201125	-954	250	1850	698		
0.20125	-925	143	1849	702		
0.201375	-887	46	1851	704		
0.2015	-846	-33	1850	702		
0.201625	-798	-118	1853	703		
0.20175	-739	-206	1855	701		
0.201875	-668	-298	1855	698		
0.202	-587	-390	1856	694		
0.202125	-501	-482	1856	693		
0.20225	-405	-571	1856	692		
0.202375	-303	-656	1858	691		
0.2025	-200	-737	1857	695		
0.202625	-96	-810	1860	701		
0.20275	1	-872	1860	708		
0.202875	72	-918	1864	719		
0.203	158	-953	1864	721		
0.203125	241	-979	1864	719		
0.20325	329	-995	1864	716		
0.203375	419	-1004	1867	712		
0.2035	509	-1005	1867	709		
0.203625	594	-999	1867	709		
0.20375	674	-986	1871	711		
0.203875	748	-964	1871	714		
0.204	811	-933	1873	716		
0.204125	865	-892	1874	716		
0.20425	899	-847	1874	713		
0.204375	925	-792	1876	706		
0.2045	942	-725	1875	697		
0.204625	953	-648	1877	687		
0.20475	958	-563	1877	680		
0.204875	954	-469	1878	674		
0.205	941	-368	1880	670		
0.205125	918	-261	1879	668		
0.20525	887	-152	1880	670		
0.205375	853	-47	1879	677		
0.2055	818	45	1879	686		
0.205625	775	123	1880	687		
0.20575	719	217	1881	692		
0.205875	650	308	1880	691		
0.206	567	401	1883	687		
0.206125	479	493	1880	687		
0.20625	384	581	1883	686		
0.206375	286	664	1882	687		
0.2065	187	742	1882	693		
0.206625	83	815	1884	699		
0.20675	8	876	1885	717		
0.206875	-81	920	1885	719		
0.207	-160	952	1887	720		
0.207125	-246	974	1888	716		
0.20725	-330	988	1889	711		
0.207375	-417	995	1889	706		
0.2075	-501	993	1889	702		
0.207625	-582	984	1893	699		
0.20775	-661	966	1893	697		
0.207875	-736	939	1895	697		
0.208	-804	902	1897	699		
0.208125	-859	858	1895	700		
0.20825	-898	813	1898	700		
0.208375	-925	755	1899	695		
0.2085	-944	687	1900	689		
0.208625	-957	606	1900	683		
0.20875	-962	516	1902	679		
0.208875	-957	422	1901	677		
0.209	-945	321	1902	678		
0.209125	-924	214	1901	682		
0.20925	-894	101	1904	690		
0.209375	-859	12	1904	694		
0.2095	-823	-88	1904	707		
0.209625	-773	-181	1908	714		
0.20975	-711	-276	1906	718		
0.209875	-639	-371	1908	721		
0.21	-559	-463	1910	721		
0.210125	-470	-551	1910	721		
0.21025	-377	-634	1911	720		
0.210375	-278	-712	1909	720		
0.2105	-178	-783	1910	721		
0.210625	-81	-847	1911	724		
0.21075	8	-896	1913	727		
0.210875	77	-928	1914	727		
0.211	161	-953	1916	719		
0.211125	243	-969	1915	711		
0.21125	333	-978	1915	702		
0.211375	423	-980	1917	693		
0.2115	513	-974	1918	687		
0.211625	596	-959	1918	683		
0.21175	674	-935	1920	681		
0.211875	749	-903	1919	682		
0.212	820	-863	1921	686		
0.212125	874	-820	1918	692		
0.21225	913	-767	1922	693		
0.212375	941	-701	1920	691		
0.2125	961	-623	1921	688		
0.212625	970	-536	1923	687		
0.21275	967	-440	1925	683		
0.212875	952	-336	1925	681		
0.213	927	-229	1925	681		
0.213125	897	-123	1924	685		
0.21325	866	-20	1925	696		
0.213375	838	57	1927	707		
0.2135	798	135	1926	712		
0.213625	741	224	1928	714		
0.21375	671	309	1929	709		
0.213875	597	397	1931	707		
0.214	507	483	1932	700		
0.214125	410	566	1934	693		
0.21425	312	643	1934	689		
0.214375	212	717	1935	688		
0.2145	106	786	1934	688		
0.214625	16	847	1937	697		
0.21475	-78	893	1939	699		
0.214875	-167	925	1940	697		
0.215	-260	949	1942	693		
0.215125	-354	963	1939	688		
0.21525	-447	966	1940	683		
0.215375	-537	956	1942	677		
0.2155	-623	934	1941	671		
0.215625	-706	904	1943	670		
0.21575	-784	869	1945	675		
0.215875	-852	834	1943	685		
0.216	-906	804	1945	699		
0.216125	-950	758	1945	708		
0.21625	-980	699	1946	711		
0.216375	-999	626	1947	712		
0.2165	-1008	543	1947	711		
0.216625	-1006	455	1949	711		
0.21675	-996	363	1949	711		
0.216875	-977	264	1950	712		
0.217	-949	157	1951	717		
0.217125	-913	54	1949	722		
0.21725	-872	-26	1950	721		
0.217375	-825	-118	1953	725		
0.2175	-764	-209	1952	722		
0.217625	-691	-300	1954	717		
0.21775	-608	-392	1954	711		
0.217875	-516	-482	1957	704		
0.218	-412	-568	1959	694		
0.218125	-300	-651	1955	686		
0.21825	-183	-729	1955	681		
0.218375	-69	-801	1957	681		
0.2185	30	-861	1958	689		
0.218625	110	-910	1958	701		
0.21875	204	-946	1959	703		
0.218875	299	-973	1960	704		
0.219	394	-988	1961	702		
0.219125	484	-991	1962	699		
0.21925	567	-983	1964	697		
0.219375	646	-967	1965	695		
0.2195	724	-942	1964	696		
0.219625	797	-909	1965	699		
0.21975	865	-869	1965	707		
0.219875	917	-828	1966	714		
0.22	955	-771	1968	716		
0.220125	980	-702	1971	714		
0.22025	994	-622	1970	710		
0.220375	997	-532	1972	704		
0.2205	985	-433	1973	698		
0.220625	963	-327	1975	692		
0.22075	931	-220	1974	687		
0.220875	894	-111	1974	688		
0.221	856	-9	1975	694		
0.221125	820	66	1974	698		
0.22125	770	154	1978	699		
0.221375	705	246	1977	697		
0.2215	623	335	1977	687		
0.221625	537	425	1979	682		
0.22175	442	507	1982	671		
0.221875	335	594	1979	665		
0.222	225	682	1980	667		
0.222125	114	753	1979	666		
0.22225	16	822	1980	678		
0.222375	-90	883	1982	687		
0.2225	-194	934	1980	695		
0.222625	-298	969	1982	700		
0.22275	-398	991	1985	703		
0.222875	-494	995	1985	702		
0.223	-583	984	1985	698		
0.223125	-667	964	1983	695		
0.22325	-746	935	1985	696		
0.223375	-820	901	1987	701		
0.2235	-883	867	1987	711		
0.223625	-932	837	1988	724		
0.22375	-969	795	1990	729		
0.223875	-994	735	1993	728		
0.224	-1007	661	1992	722		
0.224125	-1010	577	1990	716		
0.22425	-1003	487	1993	708		
0.224375	-985	394	1994	699		
0.2245	-960	293	1995	695		
0.224625	-924	182	1995	690		
0.22475	-879	68	1997	690		
0.224875	-829	-25	2000	686		
0.225	-773	-134	1998	691		
0.225125	-702	-237	1996	689		
0.22525	-620	-336	1998	685		
0.225375	-527	-433	1998	678		
0.2255	-424	-527	1999	672		
0.225625	-316	-619	1999	670		
0.22575	-200	-703	2003	668		
0.225875	-85	-780	2001	670		
0.226	13	-840	2002	676		
0.226125	89	-885	1999	687		
0.22625	174	-923	2002	692		
0.226375	257	-950	2003	694		
0.2265	342	-964	2001	690		
0.226625	425	-966	2005	684		
0.22675	504	-960	2006	678		
0.226875	575	-940	2004	669		
0.227	639	-914	2007	662		
0.227125	698	-881	2005	656		
0.22725	749	-840	2009	651		
0.227375	787	-791	2008	643		
0.2275	804	-737	2007	629		
0.227625	814	-674	2012	612		
0.22775	820	-602	2009	597		
0.227875	813	-519	2008	579		
0.228	801	-431	2011	564		
0.228125	778	-334	2010	550		
0.22825	745	-231	2010	539		
0.228375	707	-127	2010	533		
0.2285	667	-27	2010	533		
0.228625	635	50	2010	540		
0.22875	593	122	2008	540		
0.228875	534	206	2007	540		
0.229	469	287	2010	539		
0.229125	395	365	2008	537		
0.22925	312	439	2009	533		
0.229375	232	505	2013	531		
0.2295	141	567	2008	528		
0.229625	57	621	2009	530		
0.22975	-4	671	2013	545		
0.229875	-82	707	2012	545		
0.23	-147	729	2013	544		
0.230125	-214	741	2013	538		
0.23025	-279	744	2013	530		
0.230375	-340	741	2014	524		
0.2305	-400	731	2012	517		
0.230625	-457	715	2016	511		
0.23075	-511	694	2017	508		
0.230875	-557	663	2017	503		
0.231	-593	623	2021	496		
0.231125	-615	583	2015	488		
0.23125	-623	539	2018	477		
0.231375	-628	492	2016	465		
0.2315	-632	433	2017	455		
0.231625	-630	368	2017	446		
0.23175	-625	295	2019	441		
0.231875	-613	215	2018	438		
0.232	-590	131	2018	436		
0.232125	-563	57	2014	436		
0.23225	-535	1	2016	434		
0.232375	-507	-71	2016	444		
0.2325	-470	-135	2013	447		
0.232625	-423	-200	2017	448		
0.23275	-371	-267	2015	451		
0.232875	-310	-330	2015	451		
0.233	-246	-388	2012	449		
0.233125	-179	-443	2015	450		
0.23325	-109	-494	2012	452		
0.233375	-41	-539	2015	455		
0.2335	13	-574	2016	461		
0.233625	54	-596	2013	464		
0.23375	101	-608	2013	459		
0.233875	157	-617	2014	451		
0.234	213	-622	2017	446		
0.234125	270	-620	2014	438		
0.23425	325	-611	2015	431		
0.234375	381	-599	2016	427		
0.2345	430	-583	2013	427		
0.234625	474	-559	2015	425		
0.23475	512	-534	2014	427		
0.234875	539	-506	2016	426		
0.235	557	-470	2017	423		
0.235125	567	-424	2017	416		
0.23525	568	-369	2015	407		
0.235375	567	-310	2014	401		
0.2355	561	-244	2014	398		
0.235625	549	-174	2016	396		
0.23575	531	-101	2015	398		
0.235875	509	-30	2014	403		
0.236	490	26	2018	410		
0.236125	466	68	2012	410		
0.23625	429	114	2013	405		
0.236375	389	183	2013	412		
0.2365	337	242	2013	411		
0.236625	278	302	2012	410		
0.23675	217	360	2013	411		
0.236875	150	416	2015	414		
0.237	83	466	2013	417		
0.237125	34	507	2011	427		
0.23725	-14	536	2012	431		
0.237375	-70	560	2013	431		
0.2375	-118	576	2010	429		
0.237625	-171	585	2014	425		
0.23775	-227	592	2014	422		
0.237875	-282	590	2012	417		
0.238	-336	583	2011	413		
0.238125	-390	571	2012	412		
0.23825	-443	555	2011	414		
0.238375	-491	533	2011	418		
0.2385	-530	510	2012	423		
0.238625	-557	485	2013	427		
0.23875	-573	448	2010	425		
0.238875	-583	403	2010	421		
0.239	-591	350	2012	419		
0.239125	-596	288	2009	420		
0.23925	-593	219	2011	422		
0.239375	-586	146	2013	429		
0.2395	-569	76	2008	434		
0.239625	-549	24	2009	436		
0.23975	-529	-35	2009	445		
0.239875	-505	-90	2010	451		
0.24	-469	-148	2012	454		
0.240125	-424	-209	2009	454		
0.24025	-371	-266	2010	451		
0.240375	-315	-324	2010	450		
0.2405	-253	-380	2008	449		
0.240625	-187	-433	2009	448		
0.24075	-117	-484	2010	449		
0.240875	-47	-528	2010	450		
0.241	10	-560	2010	452		
0.241125	54	-580	2010	451		
0.24125	104	-594	2008	446		
0.241375	164	-603	2009	439		
0.2415	225	-610	2008	434		
0.241625	287	-611	2011	431		
0.24175	349	-606	2009	429		
0.241875	407	-594	2009	429		
0.242	460	-576	2011	429		
0.242125	508	-553	2007	433		
0.24225	541	-525	2009	434		
0.242375	567	-498	2007	436		
0.2425	588	-460	2007	436		
0.242625	602	-413	2008	435		
0.24275	611	-358	2007	434		
0.242875	613	-295	2009	433		
0.243	607	-228	2009	433		
0.243125	594	-157	2006	434		
0.24325	575	-87	2006	437		
0.243375	555	-22	2008	443		
0.2435	535	32	2005	451		
0.243625	510	74	2008	450		
0.24375	472	131	2009	448		
0.243875	423	193	2008	445		
0.244	363	250	2009	436		
0.244125	300	308	2006	429		
0.24425	234	365	2008	427		
0.244375	165	421	2007	427		
0.2445	91	471	2007	426		
0.244625	34	519	2008	437		
0.24475	-23	554	2007	443		
0.244875	-86	577	2007	440		
0.245	-143	596	2005	439		
0.245125	-206	608	2007	436		
0.24525	-269	617	2007	437		
0.245375	-332	617	2007	436		
0.2455	-393	610	2006	436		
0.245625	-450	594	2006	436		
0.24575	-502	574	2006	440		
0.245875	-551	552	2005	448		
0.246	-584	531	2007	455		
0.246125	-610	505	2005	460		
0.24625	-627	465	2006	459		
0.246375	-639	418	2006	458		
0.2465	-643	362	2006	455		
0.246625	-644	298	2004	455		
0.24675	-639	227	2005	456		
0.246875	-630	154	2006	463		
0.247	-614	84	2006	468		
0.247125	-591	30	2004	469		
0.24725	-563	-28	2005	470		
0.247375	-534	-84	2008	473		
0.2475	-494	-140	2003	470		
0.247625	-444	-199	2005	464		
0.24775	-389	-260	2006	460		
0.247875	-327	-323	2006	458		
0.248	-256	-383	2006	453		
0.248125	-183	-441	2006	452		
0.24825	-106	-493	2008	451		
0.248375	-32	-537	2004	451		
0.2485	26	-568	2003	452		
0.248625	73	-595	2005	458		
0.24875	137	-616	2007	456		
0.248875	205	-630	2005	453		
0.249	270	-634	2006	449		
0.249125	334	-633	2006	446		
0.24925	396	-627	2003	447		
0.249375	454	-614	2004	449		
0.2495	507	-599	2004	455		
0.249625	555	-578	2007	462		
0.24975	589	-555	2005	466		
0.249875	610	-521	2006	465		
0.25	624	-479	2008	460		
0.250125	631	-428	2005	454		
0.25025	631	-370	2004	447		
0.250375	629	-309	2005	444		
0.2505	622	-243	2006	443		
0.250625	609	-172	2006	443		
0.25075	588	-101	2006	444		
0.250875	561	-31	2006	446		
0.251	533	25	2006	446		
0.251125	502	67	2004	439		
0.25125	458	123	2002	432		
0.251375	407	188	2004	429		
0.2515	348	253	2003	427		
0.251625	281	319	2003	424		
0.25175	213	384	2005	427		
0.251875	133	443	2004	425		
0.252	59	496	2003	429		
0.252125	5	544	2001	445		
0.25225	-66	581	2000	448		
0.252375	-126	612	2003	456		
0.2525	-192	637	2001	460		
0.252625	-259	651	2002	462		
0.25275	-325	659	2004	465		
0.252875	-387	658	2002	466		
0.253	-444	648	2004	467		
0.253125	-499	634	2001	470		
0.25325	-547	613	2004	474		
0.253375	-589	589	2003	479		
0.2535	-616	565	2001	482		
0.253625	-636	535	2006	482		
0.25375	-650	496	2004	479		
0.253875	-655	443	2005	471		
0.254	-655	383	2004	464		
0.254125	-649	316	2005	458		
0.25425	-640	244	2006	456		
0.254375	-625	167	2004	456		
0.2545	-604	91	2007	458		
0.254625	-575	33	2007	456		
0.25475	-544	-29	2003	455		
0.254875	-509	-86	2005	453		
0.255	-467	-148	2005	453		
0.255125	-417	-213	2004	451		
0.25525	-356	-278	2003	448		
0.255375	-291	-342	2005	447		
0.2555	-218	-405	2004	446		
0.255625	-141	-463	2001	445		
0.25575	-63	-516	2002	446		
0.255875	4	-563	2002	456		
0.256	56	-599	2004	466		
